	Elor_1k_76	Elor_2k_542	Elor_4k_86	Elor_4k_532	Elor_5k_55	Elor_5k_557	Elor_6k_52	Elor_6k_512	Elor_7k_27	Elor_8k_70	Elor_8k_524	Elor_9k_49	Elor_10k_37	Elor_10k_526	Elor_11k_50	Elor_12k_35	Elor_13k_2	Elor_13k_555	Elor_14k_505	Elor_16k_78	Elor_16k_558	Elor_mt10K	Elor_mt4K
B1_1	1	1	6	1	1	1	1	2	1	1	1	2	1	4	1	1	1	2	1	9	1	1161111211121411121	11611112
B1_10	1	1	1	1	1	1	1	2	1	1	1	4	1	11	1	1	1	2	1	3	1	11111112111411111121	11111112
B1_11	1	1	1	1	1	2	5	2	1	1	1	2	5	8	10	1	1	2	1	34	10	11111252111258101121	11111252
B1_12	1	1	1	1	1	1	1	2	1	1	1	2	1	3	1	5	1	2	1	20	19	1111111211121315121	11111112
B1_13	1	1	1	1	1	1	1	2	1	1	1	2	1	4	1	5	1	2	1	18	19	1111111211121415121	11111112
B1_14	1	1	1	1	1	1	1	3	1	1	1	8	1	3	1	1	1	2	1	9	7	1111111311181311121	11111113
B1_15	1	1	1	1	1	1	1	2	1	1	1	38	1	4	1	5	1	2	1	18	19	11111112111381415121	11111112
B1_2	1	2	2	2	4	14	3	1	1	3	1	32	3	1	2	4	2	1	3	4	3	122241431131323124213	122241431
B1_3	1	1	1	1	1	1	1	2	1	1	1	2	1	3	1	1	1	2	1	19	9	1111111211121311121	11111112
B1_4	1	1	1	1	1	1	1	2	1	1	1	4	1	11	1	1	1	2	1	5	1	11111112111411111121	11111112
B1_5	2	1	1	4	1	1	1	2	1	1	1	2	1	3	1	1	1	2	1	22	9	2114111211121311121	21141112
B1_6	1	1	1	1	1	1	1	2	1	1	1	2	1	7	1	5	1	2	1	80	16	1111111211121715121	11111112
B1_7	1	1	1	1	1	1	1	2	1	1	1	2	60	3	1	1	1	67	5	5	1	111111121112603111675	11111112
B1_8	1	1	1	1	1	1	1	3	1	1	1	8	1	3	1	1	1	2	1	9	7	1111111311181311121	11111113
B1_9	1	1	1	1	1	1	6	2	1	1	1	9	1	4	1	1	1	2	1	3	1	1111116211191411121	11111162
B10_1	1	2	2	2	1	3	3	1	1	3	1	1	3	1	2	2	2	31	1	6	59	12221331131131222311	12221331
B10_10	1	1	1	1	1	1	1	2	1	1	1	4	1	3	1	1	1	2	1	5	1	1111111211141311121	11111112
B10_11	1	1	1	15	1	1	1	2	1	1	1	2	1	4	1	1	1	2	1	18	14	11115111211121411121	111151112
B10_12	1	1	1	1	2	1	1	2	1	1	1	3	1	3	1	1	1	3	1	241	55	1111211211131311131	11112112
B10_13	1	1	1	1	1	1	1	2	1	1	1	2	1	4	1	5	1	2	1	14	19	1111111211121415121	11111112
B10_14	25	1	1	26	1	1	1	2	1	1	1	2	1	4	1	1	1	2	1	14	45	251126111211121411121	2511261112
B10_15	1	2	2	2	3	2	2	1	1	2	1	45	2	2	1	2	2	1	1	1	30	12223221121452212211	12223221
B10_16	1	1	1	1	2	1	1	2	1	1	1	3	1	4	1	1	1	3	1	8	1	1111211211131411131	11112112
B10_17	1	2	2	2	4	2	3	1	1	3	1	1	3	2	2	4	2	1	3	4	5	1222423113113224213	12224231
B10_18	1	1	1	1	1	1	1	2	1	1	1	4	1	11	1	1	1	2	1	3	1	11111112111411111121	11111112
B10_19	1	36	42	1	1	2	5	2	1	1	1	2	5	21	1	1	1	2	1	31	10	1364211252111252111121	1364211252
B10_2	1	1	1	1	1	1	1	2	1	1	1	19	1	3	1	1	1	2	5	3	.	11111112111191311125	11111112
B10_20	1	4	1	1	1	7	1	2	1	1	1	2	1	4	1	1	1	2	1	125	11	1411171211121411121	14111712
B10_21	.	1	1	1	1	1	1	42	1	1	1	4	1	3	60	1	1	2	46	9	1	.111111421114136011246	.11111142
B10_3	1	4	1	1	1	7	1	2	1	1	1	2	1	4	1	1	1	2	1	161	11	1411171211121411121	14111712
B10_4	1	1	1	1	1	1	1	2	1	1	1	4	1	11	1	1	1	2	.	3	1	1111111211141111112.	11111112
B10_5	1	1	6	1	1	1	1	41	1	1	1	2	1	4	1	1	1	2	1	14	1	11611114111121411121	116111141
B10_6	1	2	2	2	76	2	2	1	1	2	1	1	6	1	1	2	3	1	1	1	4	12227622112116112311	122276221
B10_7	1	1	1	1	1	1	1	2	1	1	1	2	1	4	1	5	1	2	1	9	19	1111111211121415121	11111112
B10_8	1	2	2	2	1	2	2	1	1	2	1	73	2	1	1	2	2	1	1	306	4	12221221121732112211	12221221
B10_9	1	4	1	1	1	7	1	2	1	1	1	2	1	4	1	1	1	2	1	251	11	1411171211121411121	14111712
B11_1	1	1	1	54	1	1	1	2	1	1	1	2	1	4	1	1	1	2	5	3	10	11154111211121411125	111541112
B11_10	2	2	2	2	1	2	3	1	1	3	3	6	3	1	4	2	2	13	1	24	3	22221231133631422131	22221231
B11_11	1	2	2	2	3	2	2	1	1	2	1	1	2	2	1	2	2	1	1	2	2	1222322112112212211	12223221
B11_12	1	4	1	1	1	7	1	2	156	35	1	2	1	3	1	1	1	2	.	18	11	141117121563512131112.	14111712
B11_13	1	16	23	12	1	20	5	2	55	17	1	2	15	10	1	1	40	9	15	235	44	11623121205255171215101140915	116231212052
B11_14	1	1	1	1	2	1	1	2	1	1	1	3	1	3	137	1	1	3	1	8	22	111121121113131371131	11112112
B11_15	1	2	2	2	4	2	3	1	1	3	1	1	3	1	2	4	2	38	3	4	5	12224231131131242383	12224231
B11_16	1	1	1	1	2	1	1	2	1	1	1	3	1	3	1	1	1	3	1	11	1	1111211211131311131	11112112
B11_17	1	2	2	2	1	2	2	1	1	2	1	1	2	1	1	2	2	1	6	2	6	1222122112112112216	12221221
B11_18	1	1	1	1	2	1	1	2	1	1	1	3	1	32	1	1	1	11	1	8	1	111121121113132111111	11112112
B11_19	1	2	2	2	4	2	3	1	1	3	1	1	3	2	2	4	2	1	3	6	5	1222423113113224213	12224231
B11_2	1	1	1	1	1	1	1	2	1	1	1	19	1	4	1	1	1	2	5	181	1	11111112111191411125	11111112
B11_20	1	1	1	1	1	1	1	2	1	1	1	2	1	3	1	1	1	2	5	31	79	1111111211121311125	11111112
B11_21	1	1	1	1	1	1	1	2	1	1	1	4	1	11	1	1	1	2	1	3	1	11111112111411111121	11111112
B11_22	1	46	1	1	1	1	1	2	1	1	375	2	1	4	1	1	1	2	5	3	15	1461111121137521411125	146111112
B11_23	1	1	1	15	1	1	1	2	1	1	1	2	1	19	1	1	1	2	1	18	14	111151112111211911121	111151112
B11_24	1	2	2	2	1	3	3	1	1	3	1	11	3	1	7	2	2	1	1	.	5	12221331131113172211	12221331
B11_25	1	4	1	1	1	7	1	2	1	1	1	2	1	3	1	1	1	2	1	20	94	1411171211121311121	14111712
B11_26	1	2	2	2	1	2	2	1	1	2	1	1	2	1	1	2	2	1	23	2	6	12221221121121122123	12221221
B11_27	1	2	2	2	3	2	2	1	1	2	1	1	2	1	1	2	2	1	1	2	2	1222322112112112211	12223221
B11_28	1	2	2	2	1	3	3	1	4	3	1	11	3	2	7	2	2	1	1	4	5	12221331431113272211	12221331
B11_29	1	1	1	1	1	1	1	2	1	1	1	2	1	3	1	1	1	34	1	5	1	11111112111213111341	11111112
B11_3	1	28	1	1	1	1	1	2	1	1	1	2	1	4	1	1	1	2	5	3	1	12811111211121411125	128111112
B11_30	1	2	2	2	1	2	3	1	1	3	1	1	3	2	29	2	2	1	1	16	3	12221231131132292211	12221231
B11_31	1	1	1	1	1	1	1	2	1	1	1	2	1	3	1	1	1	2	5	9	1	1111111211121311125	11111112
B11_32	2	2	2	2	1	2	3	1	1	3	3	6	3	1	4	2	2	13	1	28	3	22221231133631422131	22221231
B11_33	1	1	1	1	1	1	6	2	.	1	1	9	1	7	1	1	1	2	1	9	1	11111162.1191711121	11111162
B11_34	1	46	1	1	1	1	1	2	1	1	1	2	1	4	1	1	1	2	5	3	15	14611111211121411125	146111112
B11_4	1	1	1	1	1	1	6	2	1	1	1	9	1	7	1	1	1	2	1	9	1	1111116211191711121	11111162
B11_5	1	1	1	1	1	1	6	2	1	1	1	9	1	4	1	1	1	2	1	3	1	1111116211191411121	11111162
B11_6	1	16	23	12	1	20	5	2	55	17	1	2	15	10	1	1	40	9	15	185	44	11623121205255171215101140915	116231212052
B11_7	1	2	2	2	1	2	8	1	6	2	1	1	2	2	1	2	2	1	1	1	20	1222128162112212211	12221281
B11_8	1	2	2	2	1	3	3	1	4	3	1	11	3	1	7	2	2	1	1	4	5	12221331431113172211	12221331
B11_9	1	46	1	1	1	1	1	2	1	1	1	2	1	3	1	1	1	2	5	5	15	14611111211121311125	146111112
B12_1	52	2	2	2	1	8	2	1	1	64	29	1	2	2	1	2	2	1	1	7	13	5222218211642912212211	522221821
B12_10	1	1	6	1	1	1	1	2	1	1	1	93	1	4	1	1	1	16	1	14	1	116111121119314111161	11611112
B12_11	1	1	106	76	1	1	1	2	1	1	1	3	24	119	1	1	1	2	1	5	36	1110676111211132411911121	11106761112
B12_12	1	28	1	1	1	1	1	2	1	1	1	2	1	4	1	1	1	2	5	3	1	12811111211121411125	128111112
B12_13	1	1	1	1	1	1	1	2	1	1	1	2	1	4	1	5	1	2	1	9	19	1111111211121415121	11111112
B12_14	1	16	23	12	1	20	5	2	28	17	1	2	15	10	1	18	1	9	15	3	44	11623121205228171215101181915	116231212052
B12_15	1	1	1	1	1	1	25	2	1	1	1	2	1	7	1	5	1	2	1	43	16	11111125211121715121	111111252
B12_16	1	1	1	4	1	1	1	2	1	1	1	2	1	4	1	1	1	2	1	19	9	1114111211121411121	11141112
B12_17	1	1	1	1	1	1	6	2	1	1	1	9	1	7	1	1	1	2	1	9	1	1111116211191711121	11111162
B12_18	2	2	2	2	1	2	3	1	1	3	3	6	3	2	12	2	2	1	1	24	3	22221231133632122211	22221231
B12_19	1	2	2	2	1	3	3	1	1	3	1	1	3	10	2	2	13	1	1	4	12	122213311311310221311	12221331
B12_2	1	1	1	1	1	1	25	2	1	1	1	2	1	7	1	5	1	2	1	43	16	11111125211121715121	111111252
B12_20	1	2	2	2	4	40	3	1	1	3	58	1	3	1	2	4	2	38	3	4	5	1222440311358131242383	122244031
B12_21	1	1	1	1	1	1	1	2	1	1	1	4	1	4	1	1	1	2	1	3	1	1111111211141411121	11111112
B12_22	1	2	2	2	1	3	3	1	4	3	1	11	3	1	7	2	2	1	1	4	5	12221331431113172211	12221331
B12_23	1	1	1	1	2	1	1	2	1	1	1	3	1	3	1	1	1	14	1	8	1	11112112111313111141	11112112
B12_24	1	1	1	1	1	1	6	2	1	1	1	15	1	4	1	1	1	2	1	3	1	11111162111151411121	11111162
B12_26	1	1	1	4	11	1	1	2	1	1	1	2	1	4	1	1	1	2	1	22	9	11141111211121411121	111411112
B12_28	1	1	1	1	1	1	1	2	1	1	1	2	1	3	1	1	1	2	5	3	15	1111111211121311125	11111112
B12_3	1	1	1	1	35	1	1	2	1	1	1	3	1	3	1	1	1	3	1	11	1	11113511211131311131	111135112
B12_32	1	2	2	39	1	3	3	1	1	3	1	1	3	10	2	2	13	1	1	6	50	1223913311311310221311	122391331
B12_33	1	1	1	1	1	1	1	42	1	1	1	4	1	3	60	1	1	2	46	14	1	1111111421114136011246	111111142
B12_34	1	1	1	1	1	1	1	2	1	1	1	2	1	3	1	1	1	2	1	38	1	1111111211121311121	11111112
B12_35	1	1	1	1	2	1	1	2	1	1	1	3	1	4	1	1	1	2	1	8	1	1111211211131411121	11112112
B12_4	1	7	1	1	1	2	5	2	1	1	1	2	5	8	1	1	1	2	1	107	23	1711125211125811121	17111252
B12_5	1	1	1	1	1	1	1	2	1	1	1	2	1	4	1	1	1	2	1	14	1	1111111211121411121	11111112
B12_6	1	4	1	1	1	7	1	2	1	95	1	2	1	4	1	1	1	2	1	20	11	14111712195121411121	14111712
B12_7	1	1	1	1	35	1	1	2	1	1	1	3	1	3	1	1	1	3	1	8	1	11113511211131311131	111135112
B12_8	1	2	2	2	1	2	185	1	1	3	1	1	3	2	2	2	2	1	1	4	3	122212185113113222211	1222121851
B12_9	1	1	1	1	1	1	36	2	4	1	1	54	1	3	1	1	1	2	1	11	1	111111362411541311121	111111362
B13_1	1	18	1	1	1	1	1	2	1	1	1	3	1	7	1	1	1	2	1	3	41	11811111211131711121	118111112
B13_10	1	1	1	1	1	1	1	3	1	1	1	8	1	3	1	1	1	2	1	14	7	1111111311181311121	11111113
B13_11	1	2	2	2	1	2	2	1	1	2	1	1	2	2	1	2	2	1	1	1	66	1222122112112212211	12221221
B13_12	1	7	1	1	1	2	5	2	1	1	1	2	5	8	1	1	1	2	1	34	10	1711125211125811121	17111252
B13_13	101	2	2	2	1	8	2	1	1	2	1	1	2	1	1	2	2	1	1	2	48	101222182112112112211	1012221821
B13_14	1	1	1	1	35	1	1	2	1	1	1	3	1	3	1	1	1	3	1	8	1	11113511211131311131	111135112
B13_15	1	1	1	1	2	1	1	2	1	1	1	3	1	3	1	1	1	3	1	25	1	1111211211131311131	11112112
B13_16	1	1	1	1	137	1	1	2	3	1	296	3	1	4	1	1	1	2	1	8	1	11111371123129631411121	1111137112
B13_17	1	1	1	1	2	1	1	2	1	1	1	3	1	4	1	1	1	3	1	8	1	1111211211131411131	11112112
B13_18	1	1	1	1	1	1	1	3	1	1	1	8	1	7	1	1	1	2	1	192	7	1111111311181711121	11111113
B13_19	1	7	1	1	1	2	5	2	1	1	1	2	5	8	1	1	1	2	1	57	23	1711125211125811121	17111252
B13_2	1	2	2	2	1	2	2	1	1	2	15	1	28	2	1	2	2	1	1	1	76	122212211215128212211	12221221
B13_20	1	1	1	1	1	1	1	2	1	1	1	4	1	3	1	35	1	2	1	3	1	11111112111413135121	11111112
B13_21	5	1	1	1	2	1	1	2	1	1	1	3	1	3	19	1	1	3	1	8	1	51112112111313191131	51112112
B13_22	1	1	1	1	1	1	1	3	1	1	1	8	1	3	1	1	1	2	1	9	7	1111111311181311121	11111113
B13_23	1	2	2	2	1	2	2	1	1	2	1	1	2	2	1	2	2	1	1	1	5	1222122112112212211	12221221
B13_24	1	1	1	1	1	1	1	2	1	1	1	2	1	4	1	1	1	2	1	38	1	1111111211121411121	11111112
B13_25	1	2	2	2	4	2	3	1	1	3	1	1	3	2	2	4	2	1	3	4	5	1222423113113224213	12224231
B13_26	1	2	2	2	4	2	3	1	1	3	1	1	3	2	2	4	2	1	3	4	5	1222423113113224213	12224231
B13_28	1	7	1	1	1	2	5	2	1	1	1	2	5	8	1	1	1	2	1	56	23	1711125211125811121	17111252
B13_29	1	1	1	1	1	19	1	2	1	1	1	4	1	24	1	1	1	2	1	5	1	111111912111412411121	111111912
B13_3	1	2	2	2	1	2	2	1	1	2	1	1	2	2	1	2	3	1	1	35	2	1222122112112212311	12221221
B13_30	1	1	1	1	1	1	6	2	1	1	1	259	1	4	1	1	1	2	1	5	1	111111621112591411121	11111162
B13_33	1	2	2	2	1	2	8	1	6	2	1	1	2	1	1	2	8	1	1	1	20	1222128162112112811	12221281
B13_34	1	7	1	1	1	2	5	2	1	1	1	2	5	8	1	1	1	2	1	57	23	1711125211125811121	17111252
B13_35	1	1	1	1	2	1	1	2	1	1	1	3	1	4	1	1	1	2	1	8	1	1111211211131411121	11112112
B13_4	1	1	1	1	2	1	1	2	1	1	1	3	1	3	1	1	1	3	1	8	1	1111211211131311131	11112112
B13_5	1	1	6	1	1	1	1	41	1	1	1	2	1	4	1	1	1	2	1	14	1	11611114111121411121	116111141
B13_6	1	1	1	1	2	1	1	2	1	1	1	3	1	3	1	1	1	3	1	11	1	1111211211131311131	11112112
B13_7	1	2	2	30	1	2	3	1	1	3	1	1	3	2	2	2	2	1	1	6	3	12230123113113222211	122301231
B13_8	1	1	1	1	1	1	6	2	1	1	1	9	1	4	1	1	1	2	1	3	1	1111116211191411121	11111162
B13_9	1	1	1	1	2	1	1	2	1	1	1	3	1	4	1	1	1	3	1	8	1	1111211211131411131	11112112
B14_1	1	1	1	1	1	1	1	2	1	1	1	2	1	3	1	1	1	2	1	37	1	1111111211121311121	11111112
B14_10	1	2	2	2	1	3	3	1	4	3	1	11	3	1	7	2	2	1	1	6	5	12221331431113172211	12221331
B14_11	1	2	2	2	1	2	8	1	6	2	1	1	2	1	1	2	8	1	1	1	20	1222128162112112811	12221281
B14_12	1	1	1	1	1	19	1	2	1	1	1	4	1	11	1	1	1	2	1	5	1	111111912111411111121	111111912
B14_13	1	2	2	2	1	2	2	1	1	2	1	1	25	1	1	2	2	1	1	1	6	12221221121125112211	12221221
B14_14	1	1	1	1	1	67	1	2	1	1	1	2	81	3	1	1	1	2	5	15	10	111116712111281311125	111116712
B14_15	1	1	1	1	1	2	5	213	1	1	1	2	5	8	1	1	42	2	1	31	10	1111125213111258114221	1111125213
B14_16	1	1	1	1	1	1	1	2	1	1	1	2	1	4	39	1	1	2	1	38	1	11111112111214391121	11111112
B14_17	1	1	1	1	1	1	1	2	1	1	1	2	1	4	1	5	1	2	1	9	19	1111111211121415121	11111112
B14_18	16	1	1	1	1	22	1	2	1	1	1	24	1	3	1	1	1	2	1	3	15	1611112212111241311121	1611112212
B14_19	1	2	2	2	1	3	3	1	4	3	1	11	3	2	7	2	2	1	1	4	5	12221331431113272211	12221331
B14_2	1	2	2	2	91	5	2	1	1	2	1	1	28	1	1	2	3	1	1	23	4	122291521121128112311	122291521
B14_20	1	4	1	1	1	7	1	2	1	1	1	2	1	4	1	1	1	12	1	18	11	14111712111214111121	14111712
B14_21	1	1	6	1	1	1	1	2	1	1	1	2	1	3	1	1	1	2	1	14	83	1161111211121311121	11611112
B14_22	1	2	52	2	1	2	2	1	1	2	1	43	2	1	1	2	14	1	1	132	4	1252212211214321121411	125221221
B14_23	1	2	44	2	3	2	2	1	1	2	1	1	2	2	1	2	2	1	1	1	2	12442322112112212211	124423221
B14_24	1	2	2	2	4	2	3	1	1	3	1	1	3	2	2	4	2	1	3	6	5	1222423113113224213	12224231
B14_25	1	1	1	1	16	1	1	3	1	1	1	8	1	7	1	1	1	2	1	9	7	11111611311181711121	111116113
B14_26	1	2	2	2	1	2	8	1	6	2	1	1	2	1	1	2	8	1	1	1	20	1222128162112112811	12221281
B14_27	1	2	2	2	1	3	3	1	1	3	1	1	3	10	2	2	13	1	1	4	12	122213311311310221311	12221331
B14_28	1	2	2	2	3	2	2	1	1	2	1	1	2	1	1	2	2	1	1	1	2	1222322112112112211	12223221
B14_29	1	2	2	2	3	2	2	1	1	2	1	1	2	1	1	2	2	1	1	2	2	1222322112112112211	12223221
B14_3	1	1	1	1	35	1	1	2	1	1	1	3	1	3	1	1	1	3	1	8	1	11113511211131311131	111135112
B14_30	1	1	1	1	16	1	1	3	1	1	1	8	1	7	1	1	1	2	1	9	7	11111611311181711121	111116113
B14_31	1	1	1	1	1	51	6	2	1	1	1	9	1	4	1	1	1	2	1	3	1	11111516211191411121	111115162
B14_4	52	2	2	2	1	8	2	1	1	64	29	1	100	2	1	2	2	1	1	1	78	522221821164291100212211	522221821
B14_5	1	1	1	1	1	25	6	2	1	1	1	15	1	4	1	1	1	2	1	31	1	111112562111151411121	111112562
B14_6	1	7	1	1	1	2	5	2	1	1	1	2	5	8	1	1	1	2	1	56	23	1711125211125811121	17111252
B14_7	1	2	2	2	1	2	2	1	1	2	1	1	6	1	1	2	3	1	1	7	4	1222122112116112311	12221221
B14_8	1	1	1	1	1	2	5	2	1	1	1	2	5	8	1	1	1	2	1	31	10	1111125211125811121	11111252
B14_9	1	61	198	4	1	1	1	2	1	1	1	2	1	4	1	1	1	2	1	19	9	1611984111211121411121	16119841112
B15_1	1	1	1	1	1	1	1	2	1	1	1	2	133	4	113	10	1	2	1	331	7	111111121112133411310121	11111112
B15_10	1	1	1	1	2	1	1	2	315	45	1	3	1	4	1	1	1	3	1	8	1	1111211231545131411131	11112112
B15_11	1	4	1	1	1	7	1	2	1	1	1	16	1	4	1	1	1	2	1	18	11	14111712111161411121	14111712
B15_12	1	2	2	81	4	2	3	1	1	3	1	1	3	1	234	4	2	1	3	4	138	1228142311311312344213	122814231
B15_13	1	1	1	1	2	1	1	2	1	1	1	3	1	3	1	1	1	14	1	8	1	11112112111313111141	11112112
B15_14	1	1	1	1	25	1	1	2	1	1	1	2	1	4	1	1	1	2	1	9	1	11112511211121411121	111125112
B15_15	1	27	1	1	1	1	1	2	1	1	1	2	1	3	1	1	1	2	1	3	33	12711111211121311121	127111112
B15_16	1	1	6	1	1	1	1	2	1	1	1	2	1	3	1	1	1	2	1	9	22	1161111211121311121	11611112
B15_17	1	2	2	2	3	2	2	1	1	2	1	1	2	1	1	2	2	1	1	1	60	1222322112112112211	12223221
B15_18	1	7	1	1	1	2	5	2	1	1	1	2	5	8	1	1	1	2	1	56	23	1711125211125811121	17111252
B15_19	1	2	2	2	1	2	42	1	6	2	1	1	2	2	1	2	8	1	1	2	20	12221242162112212811	122212421
B15_2	1	1	1	1	1	1	1	2	1	1	1	2	1	4	1	5	73	2	1	48	16	11111112111214157321	11111112
B15_20	1	16	23	12	1	20	5	2	55	17	1	2	15	10	1	1	40	9	15	185	44	11623121205255171215101140915	116231212052
B15_21	1	1	1	1	1	1	6	2	1	1	1	9	1	3	1	1	1	2	1	3	1	1111116211191311121	11111162
B15_22	1	9	2	2	1	2	2	1	1	2	1	1	11	2	1	2	3	1	1	2	21	19221221121111212311	19221221
B15_23	1	2	2	2	1	2	2	1	1	2	1	1	6	2	1	2	3	1	1	12	4	1222122112116212311	12221221
B15_24	1	2	2	2	1	3	3	1	1	3	1	1	3	1	2	2	2	1	1	4	37	1222133113113122211	12221331
B15_25	1	1	1	1	2	1	1	2	1	1	1	3	1	3	1	1	1	3	1	11	1	1111211211131311131	11112112
B15_26	1	1	1	4	11	1	1	2	1	1	1	2	1	3	1	1	1	2	1	3	35	11141111211121311121	111411112
B15_27	1	1	1	1	2	1	1	2	1	1	1	3	1	3	1	1	1	3	1	8	1	1111211211131311131	11112112
B15_28	1	1	1	15	1	1	1	2	1	1	1	2	1	3	1	1	1	2	1	18	14	11115111211121311121	111151112
B15_29	1	2	2	30	1	2	3	1	1	3	1	1	3	2	2	2	2	1	1	4	3	12230123113113222211	122301231
B15_3	1	1	1	1	1	1	1	2	1	1	1	2	1	4	1	1	1	34	1	10	1	11111112111214111341	11111112
B15_30	1	1	6	1	1	1	1	2	1	1	1	2	1	4	1	1	1	2	1	14	1	1161111211121411121	11611112
B15_31	1	18	1	1	1	1	1	2	1	1	1	3	1	7	1	1	1	80	1	5	41	118111112111317111801	118111112
B15_4	1	1	1	1	1	1	1	2	1	1	1	2	1	3	1	1	1	2	5	10	1	1111111211121311125	11111112
B15_5	1	176	1	1	1	1	1	3	1	1	1	8	1	3	1	1	1	2	1	14	7	117611111311181311121	1176111113
B15_6	1	1	1	1	2	1	1	2	1	1	1	3	1	3	1	1	1	3	1	8	1	1111211211131311131	11112112
B15_7	1	1	1	4	11	1	1	2	1	1	1	2	1	3	1	1	1	2	1	3	35	11141111211121311121	111411112
B15_8	1	2	2	2	3	2	2	1	1	2	1	1	2	1	1	2	2	1	1	1	2	1222322112112112211	12223221
B15_9	1	1	1	1	1	1	1	2	1	1	1	4	1	11	1	1	1	2	1	3	1	11111112111411111121	11111112
B16_1	1	1	1	1	1	1	1	2	1	1	1	4	1	4	1	1	1	2	1	3	1	1111111211141411121	11111112
B16_10	1	1	1	1	2	1	1	2	1	1	1	3	1	3	1	1	1	14	1	11	1	11112112111313111141	11112112
B16_11	1	1	1	1	1	1	1	18	1	1	1	2	1	3	1	1	1	2	5	3	112	11111111811121311125	111111118
B16_12	1	2	2	2	3	2	2	1	1	2	1	1	2	1	1	2	2	286	1	1	2	122232211211211222861	12223221
B16_13	1	4	1	1	1	7	1	2	167	1	1	16	1	3	1	1	1	2	1	20	11	1411171216711161311121	14111712
B16_14	1	1	1	1	2	1	1	2	1	1	1	3	1	32	1	1	1	11	1	11	1	111121121113132111111	11112112
B16_15	1	93	1	1	1	1	1	231	1	1	1	2	1	4	113	10	1	2	1	3	7	1931111123111121411310121	19311111231
B16_16	1	1	1	1	35	1	1	2	1	1	1	3	1	3	1	1	1	3	1	11	1	11113511211131311131	111135112
B16_17	1	1	1	1	2	1	1	2	1	1	1	3	1	4	1	1	1	3	1	8	1	1111211211131411131	11112112
B16_18	1	2	2	2	1	2	2	1	1	2	15	1	2	1	1	2	28	1	1	1	6	122212211215121122811	12221221
B16_19	1	2	2	2	4	2	3	1	1	3	1	1	3	1	35	4	2	1	3	6	5	12224231131131354213	12224231
B16_2	1	1	1	1	2	1	1	2	1	1	1	3	1	4	18	1	1	3	1	25	1	11112112111314181131	11112112
B16_20	1	1	1	1	1	1	1	2	1	1	1	4	1	11	1	1	1	2	1	3	1	11111112111411111121	11111112
B16_21	1	1	1	1	2	1	1	2	1	1	1	3	1	3	1	1	91	3	1	.	1	11112112111313119131	11112112
B16_22	1	1	1	1	1	1	1	3	1	1	1	8	1	7	1	1	1	2	1	9	7	1111111311181711121	11111113
B16_23	1	18	1	1	1	1	39	2	1	1	1	3	1	7	1	1	1	2	1	3	41	118111139211131711121	1181111392
B16_24	1	1	1	1	1	19	1	2	1	1	1	4	1	11	1	1	1	2	1	5	1	111111912111411111121	111111912
B16_25	1	90	1	1	1	1	1	2	1	1	1	4	1	3	1	1	1	2	1	3	1	19011111211141311121	190111112
B16_26	1	1	1	1	1	1	6	2	1	1	1	15	1	4	1	1	1	2	1	3	1	11111162111151411121	11111162
B16_27	1	2	2	2	1	3	3	1	4	3	1	11	3	1	7	2	2	1	1	4	5	12221331431113172211	12221331
B16_3	1	2	2	2	1	5	2	1	1	2	1	1	2	2	1	2	3	1	1	45	51	1222152112112212311	12221521
B16_30	1	2	2	2	4	2	3	1	1	3	1	1	3	2	35	4	2	1	3	4	5	12224231131132354213	12224231
B16_31	1	1	1	1	1	1	6	2	1	1	1	9	1	4	1	1	1	2	1	3	1	1111116211191411121	11111162
B16_32	1	2	2	2	3	2	2	1	1	2	1	1	2	2	1	2	2	1	1	2	2	1222322112112212211	12223221
B16_33	1	2	2	2	1	2	2	1	1	2	1	1	6	1	1	2	3	1	1	.	4	1222122112116112311	12221221
B16_34	1	1	1	1	1	1	1	2	1	1	1	2	1	4	1	5	1	2	1	9	19	1111111211121415121	11111112
B16_4	1	1	1	1	1	2	5	2	1	1	1	2	5	8	1	1	1	2	1	31	10	1111125211125811121	11111252
B16_5	52	2	2	2	1	8	2	1	1	529	29	1	2	2	1	2	2	1	1	1	13	52222182115292912212211	522221821
B16_6	1	1	1	1	1	1	175	2	1	1	1	2	1	4	1	1	98	2	1	5	1	1111111752111214119821	1111111752
B16_7	1	1	1	1	1	1	1	3	1	1	1	8	1	3	1	1	1	2	1	14	7	1111111311181311121	11111113
B16_8	1	1	1	1	1	1	1	2	1	1	1	2	1	3	1	1	1	2	1	14	84	1111111211121311121	11111112
B16_9	1	2	2	2	3	2	2	1	19	2	1	1	2	2	1	2	2	1	1	1	63	12223221192112212211	12223221
B17_1	5	1	1	1	2	1	1	2	1	1	1	3	1	3	19	1	1	3	1	11	1	51112112111313191131	51112112
B17_10	1	12	1	1	1	1	1	2	1	1	1	2	1	4	1	1	1	2	5	3	1	11211111211121411125	112111112
B17_11	1	7	1	1	1	2	5	2	1	1	1	2	5	8	1	1	1	2	1	56	23	1711125211125811121	17111252
B17_12	1	2	338	2	1	3	3	1	1	3	1	1	3	1	2	2	2	31	1	4	59	1233821331131131222311	1233821331
B17_13	1	2	2	2	1	2	2	1	1	2	1	1	2	1	1	2	2	1	1	1	6	1222122112112112211	12221221
B17_14	22	2	2	2	1	2	2	1	1	2	1	1	6	2	1	2	3	1	1	1	6	22222122112116212311	222221221
B17_15	1	2	2	2	1	2	2	1	1	2	1	1	2	1	1	2	2	1	1	1	6	1222122112112112211	12221221
B17_16	1	1	1	1	1	1	6	2	1	1	1	9	1	7	1	1	1	2	1	29	1	1111116211191711121	11111162
B17_17	1	2	2	2	32	2	2	1	1	2	1	1	2	1	1	2	2	1	1	1	5	12223222112112112211	122232221
B17_18	1	2	2	2	1	2	3	1	1	3	1	1	3	1	2	2	2	1	12	6	5	12221231131131222112	12221231
B17_19	5	1	1	1	2	1	1	2	1	1	1	3	1	4	19	1	1	3	1	8	1	51112112111314191131	51112112
B17_2	1	12	1	1	1	1	1	2	1	1	1	2	1	3	1	1	1	2	5	3	1	11211111211121311125	112111112
B17_20	1	2	2	2	3	2	2	1	1	2	1	1	2	95	1	2	2	1	1	1	63	12223221121129512211	12223221
B17_21	1	2	2	2	3	2	2	1	1	2	1	1	2	1	1	2	2	1	1	2	2	1222322112112112211	12223221
B17_22	1	1	1	1	1	1	1	2	1	1	1	3	1	7	1	1	1	2	1	3	41	1111111211131711121	11111112
B17_23	1	1	1	1	1	1	1	2	1	1	1	4	1	11	1	1	1	2	1	3	1	11111112111411111121	11111112
B17_24	1	1	1	1	1	1	1	2	1	1	1	4	1	3	1	1	47	2	1	3	1	11111112111413114721	11111112
B17_25	1	1	1	1	2	1	1	2	1	1	1	3	1	3	1	1	1	3	1	8	1	1111211211131311131	11112112
B17_26	2	2	2	2	1	2	3	1	1	3	3	6	3	1	4	2	2	1	1	28	3	2222123113363142211	22221231
B17_27	1	1	1	1	1	52	1	18	1	1	1	2	1	3	1	1	1	2	5	5	15	111115211811121311125	1111152118
B17_28	1	1	1	1	1	1	6	2	1	1	1	9	1	4	1	1	1	2	1	3	1	1111116211191411121	11111162
B17_29	1	27	1	1	1	1	1	2	1	1	1	2	1	3	1	1	1	2	1	3	33	12711111211121311121	127111112
B17_3	1	244	1	1	1	1	1	2	1	1	1	2	1	3	1	1	1	2	5	392	1	124411111211121311125	1244111112
B17_30	1	1	6	1	1	1	1	2	1	1	1	2	1	3	1	1	1	2	1	9	22	1161111211121311121	11611112
B17_31	5	1	1	1	2	1	1	2	1	1	1	3	1	4	19	1	1	3	1	8	1	51112112111314191131	51112112
B17_32	1	1	1	1	2	1	1	2	1	1	1	3	1	4	1	1	1	3	1	8	1	1111211211131411131	11112112
B17_4	1	1	1	1	1	1	1	2	1	1	1	19	1	3	1	72	1	2	5	487	1	111111121111913172125	11111112
B17_5	1	2	2	2	1	119	3	1	1	3	1	1	3	1	2	2	2	1	12	6	3	1222111931131131222112	1222111931
B17_6	1	2	2	2	1	3	3	1	1	3	1	1	3	1	2	2	2	31	1	6	213	12221331131131222311	12221331
B17_7	1	1	1	1	1	1	1	2	1	1	1	19	1	3	1	1	1	2	5	5	.	11111112111191311125	11111112
B17_8	1	1	1	4	1	1	1	2	.	1	1	2	1	4	1	1	1	2	1	22	9	11141112.1121411121	11141112
B17_9	106	2	194	2	1	2	2	1	1	2	1	112	2	1	1	2	14	1	1	62	3	10621942122112111221121411	106219421221
B18_1	1	2	2	2	1	2	8	1	6	2	1	1	2	1	1	2	8	1	1	7	20	1222128162112112811	12221281
B18_10	1	2	2	2	4	14	3	1	1	3	1	32	3	1	2	4	2	1	3	4	3	122241431131323124213	122241431
B18_11	1	1	1	1	1	1	1	2	1	1	1	2	1	3	1	1	1	2	5	3	1	1111111211121311125	11111112
B18_12	1	1	1	4	1	1	1	2	1	1	1	2	1	4	1	1	1	2	1	22	9	1114111211121411121	11141112
B18_13	1	2	2	2	1	3	3	1	1	3	1	1	3	10	2	2	13	1	1	4	12	122213311311310221311	12221331
B18_14	1	1	1	1	1	1	1	2	1	1	1	2	1	3	1	1	1	2	1	18	14	1111111211121311121	11111112
B18_15	1	1	1	1	1	1	1	2	1	1	1	4	1	4	1	1	1	2	1	3	1	1111111211141411121	11111112
B18_16	1	2	129	2	1	2	3	1	1	3	1	1	3	1	2	2	2	1	12	4	3	1212921231131131222112	1212921231
B18_17	1	2	2	2	1	2	2	1	18	2	1	1	25	1	1	2	2	1	1	1	6	122212211821125112211	12221221
B18_18	1	1	1	1	2	1	1	2	1	1	1	3	1	3	1	1	1	3	1	8	1	1111211211131311131	11112112
B18_19	1	1	1	1	2	1	1	2	1	1	1	3	1	4	18	1	1	3	1	8	1	11112112111314181131	11112112
B18_2	138	26	2	2	1	2	2	1	1	2	1	1	2	1	1	2	2	1	1	2	66	1382622122112112112211	13826221221
B18_20	1	2	2	2	3	2	2	1	1	2	1	1	2	1	1	2	2	1	1	1	2	1222322112112112211	12223221
B18_21	1	1	1	1	1	1	1	2	1	1	1	4	1	53	1	1	1	2	1	5	1	11111112111415311121	11111112
B18_22	1	1	1	1	2	1	1	2	1	1	1	3	1	3	1	1	1	3	1	8	1	1111211211131311131	11112112
B18_23	1	2	2	2	3	2	2	1	1	2	1	1	2	1	1	2	2	1	1	1	2	1222322112112112211	12223221
B18_24	1	1	1	1	1	1	1	2	1	1	1	19	1	4	1	1	1	2	5	181	1	11111112111191411125	11111112
B18_25	1	1	1	1	2	1	1	2	1	1	1	3	1	3	1	1	1	14	1	8	1	11112112111313111141	11112112
B18_26	1	1	1	1	2	1	1	2	1	1	1	3	1	3	1	1	1	3	47	8	1	11112112111313111347	11112112
B18_27	1	2	2	2	4	2	3	1	1	3	1	1	3	2	2	4	2	1	3	6	5	1222423113113224213	12224231
B18_28	1	4	1	1	1	7	1	2	1	1	1	2	1	4	1	1	1	2	1	18	11	1411171211121411121	14111712
B18_29	1	2	2	2	1	3	3	1	1	3	1	1	3	1	2	2	2	31	1	16	59	12221331131131222311	12221331
B18_3	1	1	6	1	1	1	1	2	1	1	1	2	1	4	1	1	1	16	1	14	1	11611112111214111161	11611112
B18_30	1	2	2	2	1	2	3	1	1	3	1	1	3	2	2	2	2	1	1	6	3	1222123113113222211	12221231
B18_31	1	2	2	2	1	2	2	1	1	2	1	1	2	1	1	2	2	1	1	2	5	1222122112112112211	12221221
B18_4	1	1	1	1	35	1	1	2	1	1	1	3	1	3	1	1	1	3	1	11	1	11113511211131311131	111135112
B18_5	1	1	1	1	1	1	1	3	1	1	1	8	1	3	1	1	1	2	1	9	7	1111111311181311121	11111113
B18_6	1	2	2	2	3	2	2	1	19	2	1	1	2	1	1	2	2	1	1	2	2	12223221192112112211	12223221
B18_7	1	2	2	2	1	2	2	1	1	2	1	1	2	2	1	2	2	1	1	2	6	1222122112112212211	12221221
B18_8	1	1	1	1	1	1	1	2	1	1	1	2	1	4	1	1	1	2	5	3	10	1111111211121411125	11111112
B18_9	1	2	2	2	1	3	3	1	1	3	1	11	3	2	7	2	2	1	1	4	85	12221331131113272211	12221331
B19_1	1	12	1	1	1	1	1	2	1	1	1	2	1	4	1	1	1	2	5	5	1	11211111211121411125	112111112
B19_10	1	1	1	1	2	1	1	2	1	1	1	3	1	3	1	1	1	3	1	25	1	1111211211131311131	11112112
B19_11	1	1	1	1	1	1	1	2	1	1	1	2	1	4	1	1	1	2	1	38	1	1111111211121411121	11111112
B19_12	22	2	2	2	1	2	2	1	1	2	1	1	6	2	1	2	3	1	1	1	6	22222122112116212311	222221221
B19_13	1	2	2	45	1	3	3	1	1	3	1	1	3	10	2	2	13	1	1	6	12	1224513311311310221311	122451331
B19_14	1	1	1	1	2	1	1	2	1	1	1	3	1	3	1	1	1	3	1	8	1	1111211211131311131	11112112
B19_15	1	2	2	2	1	2	2	1	1	2	1	1	6	1	1	2	3	1	1	2	4	1222122112116112311	12221221
B19_16	1	1	1	1	1	1	1	3	1	1	1	8	1	3	1	1	1	2	1	14	7	1111111311181311121	11111113
B19_17	1	4	1	1	1	7	1	2	1	1	1	16	1	4	1	1	1	2	1	140	11	14111712111161411121	14111712
B19_18	1	1	1	1	1	1	1	2	1	1	1	2	1	3	1	1	1	2	1	22	9	1111111211121311121	11111112
B19_19	1	1	1	1	1	1	1	2	1	1	1	4	1	4	1	1	1	2	1	5	1	1111111211141411121	11111112
B19_2	1	1	1	1	1	2	5	2	1	1	1	2	5	8	10	1	1	2	1	34	10	11111252111258101121	11111252
B19_20	1	2	2	2	1	2	3	1	1	3	1	1	3	2	2	2	2	1	1	6	3	1222123113113222211	12221231
B19_21	1	4	1	1	1	7	1	2	1	1	1	2	1	4	1	1	1	12	1	18	11	14111712111214111121	14111712
B19_22	1	1	1	1	1	1	1	2	1	1	1	2	1	3	1	1	1	2	1	37	1	1111111211121311121	11111112
B19_23	1	2	2	2	3	2	2	1	1	2	1	1	2	1	1	2	2	1	1	1	2	1222322112112112211	12223221
B19_24	1	2	2	39	1	3	3	1	1	3	1	1	3	10	2	2	13	1	1	6	50	1223913311311310221311	122391331
B19_25	1	1	1	1	1	1	1	2	1	1	1	2	1	3	1	1	1	2	5	3	1	1111111211121311125	11111112
B19_26	1	1	1	1	2	1	1	2	1	1	1	3	1	32	1	1	1	11	1	8	1	111121121113132111111	11112112
B19_27	1	1	1	1	2	1	1	2	1	1	1	3	1	4	1	1	1	3	1	11	1	1111211211131411131	11112112
B19_3	1	2	2	2	1	2	2	1	18	2	1	1	25	2	1	2	2	1	1	1	6	122212211821125212211	12221221
B19_4	1	4	1	1	1	7	1	2	1	1	1	2	1	4	1	1	1	2	1	18	11	1411171211121411121	14111712
B19_5	5	2	2	2	4	2	3	1	1	3	1	1	3	1	2	4	2	1	3	6	3	5222423113113124213	52224231
B19_6	1	1	1	1	1	1	1	2	1	1	1	2	1	3	1	1	1	2	1	19	9	1111111211121311121	11111112
B19_7	1	2	2	2	3	2	2	1	19	2	1	1	2	1	1	2	2	1	1	1	2	12223221192112112211	12223221
B19_8	1	2	2	2	3	2	2	1	1	2	1	45	2	1	1	2	2	1	1	1	30	12223221121452112211	12223221
B19_9	1	2	2	2	3	2	2	1	1	2	1	1	2	2	1	2	2	1	1	1	2	1222322112112212211	12223221
B2_1	1	1	1	1	1	2	5	2	91	1	1	2	1	684	1	1	1	2	45	38	61	11111252911121684111245	11111252
B2_10	2	2	2	2	1	2	3	1	1	3	3	6	3	1	12	2	2	1	1	28	5	22221231133631122211	22221231
B2_11	1	2	252	2	1	26	2	1	1	2	1	1	2	2	1	2	3	1	1	2	4	1225221262112112212311	12252212621
B2_13	5	2	2	2	4	2	3	1	1	3	1	1	3	2	2	4	2	1	3	6	8	5222423113113224213	52224231
B2_14	8	2	2	2	4	13	3	1	1	3	1	1	3	29	2	4	2	1	14	6	8	8222413311311329242114	822241331
B2_15	1	2	2	2	1	2	2	1	1	2	1	1	2	2	1	2	3	1	1	35	2	1222122112112212311	12221221
B2_16	192	2	2	2	4	136	3	1	1	3	1	1	3	1	2	4	2	1	3	4	5	19222241363113113124213	192222413631
B2_17	1	2	2	2	1	2	2	1	1	2	1	1	2	2	1	2	3	1	1	35	2	1222122112112212311	12221221
B2_18	1	1	1	1	1	1	1	3	1	1	1	8	1	3	1	1	1	2	1	14	7	1111111311181311121	11111113
B2_19	1	2	2	2	1	2	2	10	1	2	1	1	2	1	1	2	2	1	1	2	6	12221221012112112211	122212210
B2_2	1	1	74	1	1	1	1	2	1	1	1	2	1	4	1	1	1	2	1	14	1	11741111211121411121	117411112
B2_20	1	7	1	1	1	2	5	2	1	1	1	2	5	8	1	1	1	2	1	57	23	1711125211125811121	17111252
B2_21	1	2	2	2	1	3	3	1	4	3	1	11	3	2	7	2	2	1	1	13	5	12221331431113272211	12221331
B2_22	8	2	2	2	4	13	3	1	1	3	1	1	3	29	2	4	2	1	610	4	8	82224133113113292421610	822241331
B2_23	1	1	1	1	1	1	1	2	1	1	1	4	1	4	1	1	1	2	1	5	1	1111111211141411121	11111112
B2_24	2	1	1	4	1	1	1	2	1	1	1	2	1	3	1	1	1	2	1	22	9	2114111211121311121	21141112
B2_25	2	2	2	2	1	2	3	1	1	3	3	6	3	2	4	2	2	1	1	24	3	2222123113363242211	22221231
B2_26	1	2	2	2	4	2	3	1	1	3	1	1	3	2	2	4	2	1	3	6	5	1222423113113224213	12224231
B2_27	2	2	2	2	1	2	3	1	1	3	3	6	3	2	4	2	2	1	1	24	3	2222123113363242211	22221231
B2_28	.	30	64	31	520	44	24	.	20	26	.	47	26	.	56	30	37	39	27	113	.	.3064315204424.2026.4726.5630373927	.3064315204424.
B2_29	8	2	2	2	4	13	3	1	1	3	1	1	3	29	2	4	2	1	14	4	8	8222413311311329242114	822241331
B2_3	1	1	1	1	1	1	1	56	1	1	1	2	1	3	1	10	1	2	174	3	7	11111115611121311012174	111111156
B2_30	1	1	1	1	1	1	1	3	1	1	1	8	1	3	1	1	1	2	1	9	7	1111111311181311121	11111113
B2_31	1	2	2	2	1	2	2	1	1	2	1	1	2	2	1	2	3	1	1	40	2	1222122112112212311	12221221
B2_32	1	1	1	1	1	1	6	2	1	1	1	9	1	4	1	1	1	2	1	3	1	1111116211191411121	11111162
B2_33	1	2	2	2	1	2	2	1	1	2	1	1	2	2	1	2	3	1	1	40	2	1222122112112212311	12221221
B2_4	1	1	1	1	1	1	1	31	1	38	1	2	1	3	1	1	1	2	1	3	1	111111131138121311121	111111131
B2_5	1	1	1	1	2	1	1	2	.	1	1	3	1	4	1	1	1	2	1	8	1	11112112.1131411121	11112112
B2_6	.	884	37	16	.	30	52	.	27	41	.	31	17	.	37	15	26	33	250	187	604	.8843716.3052.2741.3117.37152633250	.8843716.3052.
B2_7	1	1	1	1	1	1	1	2	1	1	1	2	1	4	1	5	1	2	1	48	19	1111111211121415121	11111112
B2_8	1	1	1	1	1	1	1	3	1	1	1	8	1	3	1	1	1	2	1	14	7	1111111311181311121	11111113
B2_9	1	1	1	1	1	1	1	2	1	1	1	4	1	11	1	1	1	2	1	3	1	11111112111411111121	11111112
B20_1	1	36	42	1	1	2	5	2	1	1	1	2	5	21	1	1	1	2	1	31	10	1364211252111252111121	1364211252
B20_10	1	2	2	2	3	2	2	1	4	2	1	1	2	2	1	2	2	1	1	2	2	1222322142112212211	12223221
B20_11	28	3	17	3	887	4	4	.	2	1309	2	5	4	20	14	3	4	.	2	21	.	28317388744.21309254201434.2	28317388744.
B20_12	1	1	1	1	1	1	6	2	199	1	1	15	1	4	1	1	1	2	1	5	1	1111116219911151411121	11111162
B20_13	1	2	2	2	1	3	3	1	4	3	1	11	3	2	7	2	2	1	1	6	5	12221331431113272211	12221331
B20_14	1	1	1	1	2	1	1	2	1	1	1	3	1	3	1	1	1	3	1	11	1	1111211211131311131	11112112
B20_15	1	1	1	1	1	1	1	18	1	1	1	2	1	3	1	1	1	2	5	5	15	11111111811121311125	111111118
B20_16	1	2	2	2	1	2	2	1	1	2	1	73	2	2	1	2	2	1	1	306	4	12221221121732212211	12221221
B20_17	1	1	1	1	1	1	1	3	1	1	1	8	1	3	1	1	1	2	1	9	7	1111111311181311121	11111113
B20_18	1	1	1	1	1	2	5	2	1	1	1	2	5	8	10	1	1	2	1	34	10	11111252111258101121	11111252
B20_19	1	1	1	1	1	1	6	2	235	1	1	9	1	3	1	1	1	2	1	3	1	111111622351191311121	11111162
B20_2	1	2	2	2	3	2	2	1	1	2	1	1	2	1	1	2	2	1	1	1	2	1222322112112112211	12223221
B20_20	1	2	2	2	5	28	2	1	1	2	1	1	2	10	5	2	2	1	1	1	3	122252821121121052211	122252821
B20_21	1	1	6	1	1	1	1	2	1	1	1	2	1	4	1	1	1	16	1	9	1	11611112111214111161	11611112
B20_22	1	1	6	1	1	1	1	2	1	1	1	2	14	73	1	1	1	2	1	9	72	116111121112147311121	11611112
B20_23	1	1	1	4	1	1	1	2	1	1	1	2	1	4	1	1	1	2	1	22	9	1114111211121411121	11141112
B20_24	1	1	1	4	11	1	1	2	1	1	1	2	1	4	1	1	1	2	1	19	35	11141111211121411121	111411112
B20_25	1	2	2	2	3	2	2	1	1	2	1	1	2	1	1	2	2	24	1	1	2	12223221121121122241	12223221
B20_26	4	3	4	3	31	4	4	312	2	8	2	5	4	5	3	3	4	15	2	26	.	43433144312282545334152	43433144312
B20_27	1	1	1	1	1	1	1	2	1	1	1	2	1	3	1	1	1	2	1	37	1	1111111211121311121	11111112
B20_28	1	1	1	1	1	1	1	2	1	1	1	2	1	3	1	1	1	2	1	19	9	1111111211121311121	11111112
B20_29	1	1	1	1	39	1	1	2	1	1	1	3	1	3	1	1	1	3	1	11	1	11113911211131311131	111139112
B20_3	1	1	6	1	1	1	1	41	1	1	1	2	1	4	1	1	1	2	1	9	1	11611114111121411121	116111141
B20_30	1	2	2	2	1	2	3	1	1	3	1	1	3	2	2	2	2	1	12	4	5	12221231131132222112	12221231
B20_31	1	2	2	2	4	14	3	1	1	3	1	32	3	1	2	4	2	1	3	16	3	122241431131323124213	122241431
B20_33	39	1	1	1	1	2	5	2	.	1	1	2	5	8	10	1	1	2	1	31	10	391111252.11258101121	391111252
B20_4	1	1	1	1	1	1	1	3	1	1	1	8	1	3	1	1	1	2	1	9	7	1111111311181311121	11111113
B20_5	1	1	1	1	2	1	1	2	1	1	1	3	1	3	1	1	1	3	307	25	1	111121121113131113307	11112112
B20_6	1	1	1	1	1	1	1	2	1	1	.	2	1	3	1	1	1	2	5	.	79	1111111211.21311125	11111112
B20_7	1	2	2	2	5	28	2	1	1	2	1	1	2	10	5	2	2	1	1	2	3	122252821121121052211	122252821
B20_8	1	2	2	2	1	96	2	1	1	2	1	1	28	2	1	2	2	1	1	1	76	122219621121128212211	122219621
B20_9	1	46	1	1	1	1	1	2	1	1	1	2	1	3	1	1	1	2	5	3	15	14611111211121311125	146111112
B22_1	33	5	4	3	.	6	4	.	2	8	2	5	4	5	8	3	4	15	2	220	.	33543.64.282545834152	33543.64.
B22_10	4	3	4	3	.	15	4	66	2	8	2	5	4	5	13	3	4	.	2	21	.	4343.154662825451334.2	4343.15466
B22_11	55	3	4	3	.	4	4	312	2	8	2	17	4	5	3	89	4	15	2	26	.	55343.4431228217453894152	55343.44312
B22_12	4	3	10	6	31	4	4	.	133	51	2	5	4	5	32	3	4	.	2	64	.	431063144.1335125453234.2	431063144.
B22_13	235	3	4	3	.	4	4	66	2	8	2	5	4	5	3	3	4	.	2	21	.	235343.4466282545334.2	235343.4466
B22_14	33	53	85	3	31	6	4	66	2	8	2	5	16	5	8	16	4	15	2	51	.	335385331646628251658164152	3353853316466
B22_15	235	3	4	49	.	4	4	.	2	8	2	5	4	5	3	3	4	15	2	26	.	2353449.44.282545334152	2353449.44.
B22_16	4	3	10	6	31	4	4	1087	2	51	2	5	4	5	3	3	4	170	2	64	.	431063144108725125453341702	4310631441087
B22_17	4	44	4	3	.	4	4	312	2	8	2	17	4	5	3	3	4	15	2	26	.	44443.443122821745334152	44443.44312
B22_18	33	5	4	3	31	6	4	66	2	8	2	5	16	5	8	16	4	15	2	49	.	3354331646628251658164152	33543316466
B22_2	4	3	4	3	.	4	4	.	2	8	2	5	21	5	3	3	4	.	2	21	.	4343.44.2825215334.2	4343.44.
B22_3	4	3	4	3	.	4	4	.	2	8	2	5	4	5	3	3	4	15	2	26	.	4343.44.282545334152	4343.44.
B22_4	28	3	17	3	.	4	4	.	2	8	2	5	4	20	3	3	4	.	2	744	.	283173.44.2825420334.2	283173.44.
B22_5	55	3	4	3	31	4	4	312	2	8	2	17	4	5	3	3	4	.	2	21	.	5534331443122821745334.2	553433144312
B22_7	4	3	10	6	.	4	4	.	42	51	2	5	4	82	3	3	4	170	2	402	.	43106.44.4251254823341702	43106.44.
B22_8	4	3	4	3	.	6	4	.	25	8	2	5	4	5	14	3	4	15	263	418	.	4343.64.2582545143415263	4343.64.
B22_9	4	3	10	6	.	4	4	.	2	51	2	5	4	5	3	3	4	.	2	26	.	43106.44.2512545334.2	43106.44.
B23_1	28	3	17	3	.	4	4	.	2	8	2	5	4	20	3	3	4	.	2	313	.	283173.44.2825420334.2	283173.44.
B23_10	4	3	4	3	.	4	4	.	2	8	2	5	4	5	3	3	4	15	2	21	.	4343.44.282545334152	4343.44.
B23_11	4	3	4	3	.	4	4	.	2	8	2	5	4	5	3	3	4	15	2	21	.	4343.44.282545334152	4343.44.
B23_12	4	3	4	3	.	6	123	66	127	490	446	5	4	5	14	316	4	.	2	51	.	4343.612366127490446545143164.2	4343.612366
B23_13	33	5	4	3	31	6	4	.	2	8	2	5	4	5	8	3	4	.	2	61	.	335433164.282545834.2	335433164.
B23_14	4	3	4	3	31	15	4	.	2	8	2	5	4	5	13	3	4	.	2	21	.	434331154.2825451334.2	434331154.
B23_15	4	3	4	3	31	4	4	312	2	8	2	5	4	5	3	3	4	15	2	21	.	43433144312282545334152	43433144312
B23_16	4	3	4	3	.	15	4	66	2	8	2	5	4	5	13	3	4	.	2	26	.	4343.154662825451334.2	4343.15466
B23_17	33	5	4	3	31	6	4	66	2	8	2	5	4	5	8	3	4	.	2	49	.	33543316466282545834.2	33543316466
B23_18	4	3	4	35	31	6	4	.	2	490	2	5	4	5	14	3	4	1075	2	49	.	434353164.24902545143410752	434353164.
B23_19	4	3	71	3	.	6	33	66	2	387	2	5	4	5	3	3	4	15	2	79	.	43713.6336623872545334152	43713.63366
B23_2	4	3	10	6	.	4	4	.	2	51	2	5	4	5	3	3	4	170	2	64	.	43106.44.25125453341702	43106.44.
B23_20	554	3	4	3	.	6	4	.	2	8	2	5	4	5	3	3	4	.	2	177	.	554343.64.282545334.2	554343.64.
B23_21	4	3	77	6	31	4	4	66	2	51	44	5	4	5	3	3	4	170	2	21	.	43776314466251445453341702	43776314466
B23_22	33	5	4	3	31	6	4	.	2	8	2	5	4	5	8	3	4	.	2	61	.	335433164.282545834.2	335433164.
B23_23	4	3	10	6	.	4	4	66	2	51	2	5	4	5	3	3	4	170	2	21	.	43106.446625125453341702	43106.4466
B23_24	4	3	71	3	.	6	33	.	2	387	2	5	4	5	3	3	4	.	2	79	.	43713.633.23872545334.2	43713.633.
B23_3	4	3	4	3	.	15	4	.	2	8	2	5	4	5	13	3	4	.	2	21	.	4343.154.2825451334.2	4343.154.
B23_4	55	3	4	3	.	4	4	312	2	8	2	17	4	5	3	3	4	15	2	26	.	55343.443122821745334152	55343.44312
B23_5	4	3	4	3	.	4	4	.	2	8	2	5	4	5	3	3	4	15	2	26	.	4343.44.282545334152	4343.44.
B23_6	4	3	4	3	.	6	48	.	2	387	2	5	4	5	3	3	4	15	2	79	.	4343.648.23872545334152	4343.648.
B23_7	28	3	17	3	.	4	4	.	2	.	2	5	4	20	3	3	4	15	2	268	.	283173.44.2.25420334152	283173.44.
B23_8	28	3	17	3	.	4	4	66	49	8	2	5	4	20	3	3	4	.	2	121	.	283173.446649825420334.2	283173.4466
B23_9	4	3	10	6	.	4	4	.	147	51	2	5	4	5	3	3	4	.	2	72	.	43106.44.147512545334.2	43106.44.
B24_1	28	3	17	3	.	4	4	.	2	8	2	5	4	20	3	3	4	.	2	121	.	283173.44.2825420334.2	283173.44.
B24_10	175	3	4	3	.	4	4	.	2	8	2	5	4	5	16	56	4	.	2	227	.	175343.44.28254516564.2	175343.44.
B24_11	28	3	17	3	.	4	4	66	2	8	47	5	4	20	3	3	4	15	2	96	.	283173.446628475420334152	283173.4466
B24_12	4	3	10	6	.	4	4	.	2	.	2	5	4	5	3	3	4	.	2	.	.	43106.44.2.2545334.2	43106.44.
B24_13	4	3	4	3	.	15	4	.	2	8	2	5	4	5	13	3	4	15	2	26	.	4343.154.2825451334152	4343.154.
B24_14	4	3	4	3	31	4	4	.	2	8	2	17	4	5	3	3	4	.	2	26	.	43433144.2821745334.2	43433144.
B24_15	4	3	4	3	.	4	4	.	2	8	2	5	4	5	3	3	4	.	2	21	.	4343.44.282545334.2	4343.44.
B24_16	4	3	4	3	31	15	4	.	2	8	2	5	4	5	13	3	4	.	2	21	.	434331154.2825451334.2	434331154.
B24_2	55	3	4	3	.	4	4	.	2	8	2	17	4	5	3	3	4	.	2	21	.	55343.44.2821745334.2	55343.44.
B24_3	4	3	4	3	.	4	4	312	2	8	150	59	4	5	3	3	4	.	2	260	.	4343.44312281505945334.2	4343.44312
B24_4	28	3	17	3	.	4	4	.	2	8	2	5	4	20	3	3	4	.	2	397	.	283173.44.2825420334.2	283173.44.
B24_5	28	3	17	3	.	4	4	.	2	8	47	5	4	20	3	3	4	.	2	96	.	283173.44.28475420334.2	283173.44.
B24_6	4	3	10	6	31	4	4	.	2	51	2	5	4	5	3	3	4	170	2	26	.	431063144.25125453341702	431063144.
B24_7	4	3	4	3	.	4	4	.	2	8	150	59	4	5	3	3	4	.	2	225	.	4343.44.281505945334.2	4343.44.
B24_8	4	58	4	3	.	6	4	66	65	8	2	5	4	5	3	3	4	.	408	84	.	45843.64666582545334.408	45843.6466
B24_9	4	3	4	98	31	15	4	.	2	8	2	5	4	242	13	3	4	15	2	21	.	4349831154.282542421334152	4349831154.
B25_1	4	3	4	3	.	4	4	.	2	.	2	5	4	5	3	3	4	.	2	21	.	4343.44.2.2545334.2	4343.44.
B25_10	33	5	4	3	.	6	4	.	2	8	2	5	4	5	8	3	4	.	2	71	.	33543.64.282545834.2	33543.64.
B25_11	4	3	10	6	.	4	4	.	2	51	2	5	4	5	3	3	4	.	2	64	.	43106.44.2512545334.2	43106.44.
B25_12	175	3	4	3	31	4	4	66	2	8	2	5	4	68	16	199	4	15	2	692	.	1753433144662825468161994152	175343314466
B25_13	4	3	4	3	.	15	4	.	2	8	2	5	4	5	3	3	4	.	2	26	.	4343.154.282545334.2	4343.154.
B25_14	4	60	4	3	.	6	59	66	17	588	2	41	4	5	3	3	4	15	2	74	.	46043.659661758824145334152	46043.65966
B25_15	4	3	319	6	31	4	4	.	2	51	2	5	4	5	3	3	4	15	2	21	.	4331963144.2512545334152	4331963144.
B25_16	4	3	4	35	31	6	4	.	2	490	2	5	4	5	14	3	4	.	2	51	.	434353164.249025451434.2	434353164.
B25_17	4	3	4	3	972	4	4	66	2	316	2	5	4	5	16	3	4	.	2	109	.	43439724466231625451634.2	43439724466
B25_18	33	5	95	3	.	6	4	66	44	8	2	5	4	5	8	3	4	15	2	49	.	335953.64664482545834152	335953.6466
B25_19	424	3	4	3	715	6	4	.	17	588	2	41	4	57	3	3	4	.	2	61	.	42434371564.17588241457334.2	42434371564.
B25_2	33	5	4	3	.	6	55	.	2	8	2	5	16	5	8	16	4	15	2	51	.	33543.655.28251658164152	33543.655.
B25_20	175	3	4	3	31	4	4	.	2	8	2	5	4	5	16	56	4	.	2	227	.	1753433144.28254516564.2	1753433144.
B25_21	4	3	10	6	31	4	4	.	2	51	2	5	4	5	32	3	4	.	2	64	.	431063144.25125453234.2	431063144.
B25_22	4	3	4	3	31	4	4	312	2	8	2	5	21	5	3	3	4	15	2	21	.	434331443122825215334152	43433144312
B25_23	33	5	4	3	31	6	4	66	2	8	2	5	4	5	8	3	4	15	2	49	.	33543316466282545834152	33543316466
B25_24	4	3	4	3	31	4	4	.	2	8	2	5	21	5	3	3	4	15	2	21	.	43433144.2825215334152	43433144.
B25_3	4	64	4	3	.	6	89	.	25	8	2	5	4	5	3	85	4	.	340	349	.	46443.689.25825453854.340	46443.689.
B25_4	4	3	417	3	.	4	4	.	2	8	2	5	4	5	3	343	4	.	407	.	.	434173.44.28254533434.407	434173.44.
B25_5	4	3	4	3	.	4	4	.	2	8	2	17	4	5	3	3	4	.	2	50	.	4343.44.2821745334.2	4343.44.
B25_6	4	3	4	67	.	148	4	.	2	8	2	5	4	5	3	3	4	.	2	61	.	43467.1484.282545334.2	43467.1484.
B25_7	4	3	4	3	31	4	4	.	2	8	2	5	4	5	3	3	4	15	2	21	.	43433144.282545334152	43433144.
B25_8	28	3	17	3	.	4	4	.	2	1993	2	5	4	20	3	3	4	.	2	96	.	283173.44.2199325420334.2	283173.44.
B25_9	4	3	4	67	.	148	4	.	2	8	2	5	4	5	3	3	4	15	2	61	.	43467.1484.282545334152	43467.1484.
B3_1	1	1	1	1	1	1	6	2	1	1	1	9	1	3	1	1	1	2	1	3	1	1111116211191311121	11111162
B3_10	1	1	1	1	1	1	1	2	1	1	1	2	1	4	1	1	1	2	1	18	14	1111111211121411121	11111112
B3_11	2	2	2	2	1	2	3	1	1	3	3	6	3	1	12	2	2	1	1	46	3	22221231133631122211	22221231
B3_12	1	92	2	2	4	2	3	1	1	3	1	1	3	2	35	4	2	1	3	4	5	192224231131132354213	192224231
B3_13	1	2	.	2	.	2	2	1	1	2	1	1	10	.	.	2	.	1	.	.	2	12.2.221121110..2.1.	12.2.221
B3_14	2	2	2	2	1	2	3	1	1	3	3	6	3	1	12	2	2	1	1	28	3	22221231133631122211	22221231
B3_15	1	1	1	1	1	1	1	3	1	1	1	8	1	3	1	1	1	2	1	9	7	1111111311181311121	11111113
B3_16	1	1	1	1	1	1	1	2	1	1	1	4	1	11	1	1	1	2	1	3	1	11111112111411111121	11111112
B3_17	1	1	1	1	1	1	1	2	1	1	1	2	1	4	1	1	1	2	1	20	14	1111111211121411121	11111112
B3_18	1	1	1	1	1	1	1	3	1	1	1	8	1	3	1	1	1	2	1	9	7	1111111311181311121	11111113
B3_19	1	1	6	1	1	1	1	2	1	1	1	2	1	4	1	1	1	2	1	9	1	1161111211121411121	11611112
B3_2	1	1	1	1	1	1	1	56	1	1	1	2	1	4	1	10	1	2	174	3	7	11111115611121411012174	111111156
B3_20	1	2	2	2	3	2	2	1	1	2	1	1	2	1	1	2	2	1	1	1	2	1222322112112112211	12223221
B3_21	1	1	6	1	1	1	1	2	1	1	1	2	1	4	1	1	1	2	1	14	1	1161111211121411121	11611112
B3_22	1	2	2	2	3	2	2	1	1	2	1	1	2	2	1	2	2	1	1	1	2	1222322112112212211	12223221
B3_23	1	2	2	2	1	2	2	1	1	2	1	1	2	1	1	2	2	1	6	2	6	1222122112112112216	12221221
B3_24	1	1	1	1	1	1	6	2	1	1	1	9	1	3	1	1	1	2	1	5	1	1111116211191311121	11111162
B3_25	1	1	1	1	1	1	1	20	1	1	1	4	1	3	1	19	1	2	1	3	1	111111120111413119121	111111120
B3_26	.	634	37	16	479	325	21	.	27	109	.	31	17	.	37	59	26	33	77	.	.	.634371647932521.27109.3117.3759263377	.634371647932521.
B3_27	1	1	6	1	21	1	1	2	1	1	1	2	1	3	1	1	1	2	1	9	1	11612111211121311121	116121112
B3_28	1	1	1	1	1	1	1	2	1	1	1	4	1	11	1	1	1	2	1	3	1	11111112111411111121	11111112
B3_29	1	1	1	1	1	1	1	2	1	1	1	2	1	7	1	5	1	2	1	42	16	1111111211121715121	11111112
B3_3	112	2	2	2	1	2	2	1	1	2	86	1	2	2	1	2	3	1	1	40	2	1122221221128612212311	1122221221
B3_30	8	2	2	2	4	13	3	1	1	3	1	1	3	29	2	4	2	1	14	4	8	8222413311311329242114	822241331
B3_31	1	2	2	2	4	14	3	1	1	3	1	32	3	1	2	4	2	1	3	4	3	122241431131323124213	122241431
B3_32	1	2	2	2	3	2	2	1	1	2	1	1	2	1	1	2	2	1	1	1	2	1222322112112112211	12223221
B3_4	1	1	1	1	1	1	1	20	1	1	1	4	1	3	1	19	1	2	1	5	1	111111120111413119121	111111120
B3_5	1	1	1	1	1	1	1	2	1	1	1	2	1	4	1	1	1	2	1	18	14	1111111211121411121	11111112
B3_6	1	1	1	1	1	1	1	2	1	1	1	4	1	3	1	1	1	2	161	3	15	111111121114131112161	11111112
B3_7	1	1	1	1	1	1	1	281	1	1	1	.	1	4	1	1	1	2	5	3	1	1111111281111.1411125	1111111281
B3_8	1	1	1	1	1	1	1	3	1	1	1	8	1	3	1	1	1	2	1	9	7	1111111311181311121	11111113
B3_9	1	1	1	1	1	1	1	3	1	1	1	8	1	3	1	1	1	2	1	239	7	1111111311181311121	11111113
B5_1	.	669	37	16	479	30	21	.	27	41	.	31	17	.	37	15	26	33	250	195	604	.66937164793021.2741.3117.37152633250	.66937164793021.
B5_10	1	2	2	2	3	2	2	1	1	2	1	1	2	2	1	2	2	1	1	2	30	1222322112112212211	12223221
B5_11	1	1	1	1	2	1	1	2	1	1	1	3	1	4	1	1	1	2	138	11	1	111121121113141112138	11112112
B5_12	1	1	1	1	1	1	1	2	1	1	1	38	1	4	1	5	1	2	1	20	19	11111112111381415121	11111112
B5_13	1	2	2	2	4	2	3	1	1	3	1	1	3	2	2	4	2	1	3	6	5	1222423113113224213	12224231
B5_14	1	1	1	1	1	1	1	2	1	1	1	2	1	7	1	5	1	2	1	43	16	1111111211121715121	11111112
B5_15	1	1	1	1	2	1	1	2	1	1	1	3	1	3	1	1	1	3	1	11	1	1111211211131311131	11112112
B5_16	1	1	1	1	1	1	1	2	1	1	1	4	1	24	1	1	1	2	1	3	1	11111112111412411121	11111112
B5_17	1	1	1	1	1	1	1	2	1	1	1	4	1	11	1	1	1	2	1	3	1	11111112111411111121	11111112
B5_18	1	2	2	2	1	2	3	1	1	3	1	1	3	2	29	2	2	1	1	6	3	12221231131132292211	12221231
B5_19	1	2	2	2	3	2	2	1	1	2	1	1	2	1	1	2	2	1	1	2	2	1222322112112112211	12223221
B5_2	1	2	2	2	3	2	2	1	1	2	1	1	2	1	1	2	2	1	1	1	2	1222322112112112211	12223221
B5_20	5	2	2	2	4	2	3	1	1	3	1	1	3	2	2	4	2	1	3	4	8	5222423113113224213	52224231
B5_21	46	2	2	2	1	2	2	1	1	2	1	1	6	67	1	2	3	1	1	2	6	462221221121166712311	462221221
B5_22	1	1	1	1	1	1	1	2	1	1	1	4	1	11	1	1	1	2	1	5	1	11111112111411111121	11111112
B5_23	1	1	6	1	21	1	1	2	1	1	1	2	1	19	1	1	1	2	1	9	1	116121112111211911121	116121112
B5_24	1	1	1	1	25	1	1	2	1	1	1	2	1	3	1	1	1	2	1	9	1	11112511211121311121	111125112
B5_25	2	2	2	2	1	2	3	1	1	3	3	6	3	1	4	2	2	13	1	24	3	22221231133631422131	22221231
B5_26	1	1	1	15	1	1	1	2	1	1	1	2	1	4	1	1	1	2	1	20	14	11115111211121411121	111151112
B5_27	1	2	2	2	1	2	2	1	1	2	1	1	2	2	1	2	2	1	6	1	6	1222122112112212216	12221221
B5_28	1	2	2	2	4	2	3	1	1	3	1	1	3	2	2	4	2	1	3	4	5	1222423113113224213	12224231
B5_29	1	2	2	2	3	2	2	1	1	2	1	1	2	1	1	2	2	1	1	2	2	1222322112112112211	12223221
B5_3	1	1	1	1	1	1	1	2	1	1	1	4	1	11	1	1	1	2	1	5	1	11111112111411111121	11111112
B5_30	1	7	1	1	1	2	5	2	1	1	1	2	5	21	1	1	1	2	1	31	10	17111252111252111121	17111252
B5_31	24	1	1	4	1	1	1	2	1	1	1	2	1	4	1	1	1	2	1	19	9	24114111211121411121	241141112
B5_32	1	2	2	2	1	2	2	1	1	2	1	1	2	10	1	2	3	1	1	40	2	12221221121121012311	12221221
B5_4	1	2	2	2	1	2	2	1	1	2	1	1	2	2	1	2	3	1	1	40	2	1222122112112212311	12221221
B5_5	1	1	18	1	1	1	1	2	1	1	1	2	1	19	1	1	1	2	1	38	1	111811112111211911121	111811112
B5_6	2	2	2	2	1	2	3	1	1	3	3	6	3	1	12	2	2	1	1	24	3	22221231133631122211	22221231
B5_7	1	1	1	1	1	1	1	2	1	1	1	4	1	11	1	1	1	2	1	3	1	11111112111411111121	11111112
B5_8	1	2	2	2	1	2	2	1	1	2	1	1	2	10	1	2	3	1	1	35	2	12221221121121012311	12221221
B5_9	1	1	18	1	1	1	1	2	1	1	1	2	1	19	1	1	1	2	1	38	1	111811112111211911121	111811112
B6_1	1	4	1	1	1	7	1	2	1	35	1	2	32	3	1	1	1	2	1	18	11	141117121351232311121	14111712
B6_10	1	1	6	1	1	1	1	2	1	1	1	2	1	3	1	1	1	2	1	14	1	1161111211121311121	11611112
B6_11	1	1	1	1	2	1	1	2	1	1	1	3	1	3	1	1	1	2	1	11	1	1111211211131311121	11112112
B6_12	1	1	1	1	1	1	1	2	.	1	1	2	1	3	39	1	1	2	1	37	1	11111112.11213391121	11111112
B6_13	2	2	2	2	1	2	3	1	1	3	3	6	3	2	4	2	2	1	1	24	3	2222123113363242211	22221231
B6_14	1	1	1	1	1	1	1	3	1	1	1	8	1	3	1	1	1	2	1	14	7	1111111311181311121	11111113
B6_15	1	1	1	1	1	1	1	2	1	1	1	2	1	7	1	5	1	2	1	42	16	1111111211121715121	11111112
B6_16	1	1	1	1	1	1	1	2	1	1	1	4	1	11	1	1	1	2	1	3	1	11111112111411111121	11111112
B6_17	1	1	1	1	1	2	5	2	1	1	1	2	5	21	1	1	1	2	1	31	10	11111252111252111121	11111252
B6_18	1	2	2	2	3	2	2	1	1	2	1	1	2	1	1	2	2	1	1	1	2	1222322112112112211	12223221
B6_19	1	2	2	2	1	2	2	1	1	2	1	1	2	2	1	2	3	1	1	35	2	1222122112112212311	12221221
B6_2	1	1	18	1	1	1	1	2	1	1	1	2	1	19	1	1	1	2	1	37	1	111811112111211911121	111811112
B6_20	1	1	1	1	1	1	1	2	1	1	1	4	1	11	1	1	1	2	1	9	1	11111112111411111121	11111112
B6_21	1	2	2	2	3	2	2	1	1	2	1	1	2	2	1	2	2	1	1	1	2	1222322112112212211	12223221
B6_22	1	2	2	30	1	2	3	1	1	3	1	1	3	2	2	2	2	1	1	4	62	12230123113113222211	122301231
B6_23	1	1	1	1	1	1	1	2	1	1	1	231	1	4	1	35	1	2	1	22	9	1111111211123114135121	11111112
B6_24	5	2	82	2	4	2	3	1	1	3	1	1	3	2	2	4	2	1	3	4	8	52822423113113224213	528224231
B6_25	1	2	2	2	1	2	2	1	1	2	1	1	2	2	1	2	2	1	1	1	6	1222122112112212211	12221221
B6_26	24	1	1	4	1	1	1	2	1	1	1	2	1	4	1	1	1	2	1	19	9	24114111211121411121	241141112
B6_27	1	1	1	1	1	2	5	2	91	1	1	2	1	684	1	1	1	2	45	38	61	11111252911121684111245	11111252
B6_28	25	1	1	26	1	1	1	2	1	1	1	2	1	4	1	1	1	2	1	9	45	251126111211121411121	2511261112
B6_29	1	2	2	51	1	2	8	1	6	2	1	1	2	2	1	2	46	1	1	1	20	122511281621122124611	122511281
B6_3	1	1	1	1	1	1	1	31	1	38	1	2	1	3	1	1	1	2	1	3	1	111111131138121311121	111111131
B6_30	1	1	1	1	1	1	1	2	1	1	1	4	1	4	1	1	1	2	1	5	1	1111111211141411121	11111112
B6_31	1	1	1	1	1	1	1	2	1	1	1	4	1	11	1	1	1	2	1	3	1	11111112111411111121	11111112
B6_32	1	2	2	2	3	2	2	1	1	2	1	1	2	2	1	2	2	1	1	1	49	1222322112112212211	12223221
B6_4	1	1	1	15	1	1	1	2	1	1	1	2	1	4	1	1	1	2	1	18	14	11115111211121411121	111151112
B6_5	1	1	1	1	1	2	5	2	1	1	1	2	5	21	10	1	1	2	1	34	10	111112521112521101121	11111252
B6_6	1	1	1	1	1	1	1	2	1	1	1	2	1	4	1	1	1	2	1	20	14	1111111211121411121	11111112
B6_7	1	2	2	2	1	2	3	1	1	3	1	1	3	2	2	2	2	1	1	4	3	1222123113113222211	12221231
B6_8	1	1	18	1	1	1	1	2	1	1	1	2	1	4	1	1	1	2	1	38	1	11181111211121411121	111811112
B6_9	1	2	2	2	3	2	2	1	1	2	1	1	2	1	1	2	2	1	1	2	2	1222322112112112211	12223221
B7_1	1	1	1	1	1	1	1	20	1	1	1	4	1	3	1	19	1	2	1	3	1	111111120111413119121	111111120
B7_10	8	2	2	2	4	13	3	1	1	3	1	1	3	56	2	4	2	1	14	4	8	8222413311311356242114	822241331
B7_11	1	2	2	2	3	2	2	1	1	2	1	1	2	1	1	2	2	1	1	1	2	1222322112112112211	12223221
B7_12	8	2	2	2	4	13	3	1	1	3	1	1	3	56	2	4	2	1	14	6	8	8222413311311356242114	822241331
B7_13	1	2	2	2	3	2	2	1	1	2	1	1	2	1	1	2	2	1	1	2	2	1222322112112112211	12223221
B7_14	1	10	36	1	1	1	1	2	1	1	1	3	24	4	1	1	1	2	1	5	7	1103611112111324411121	1103611112
B7_15	2	2	2	2	1	2	3	1	1	3	3	6	3	2	4	2	2	1	1	24	3	2222123113363242211	22221231
B7_16	1	1	1	1	1	1	1	3	1	1	1	8	1	7	1	1	1	2	1	192	7	1111111311181711121	11111113
B7_17	1	2	2	2	1	3	3	1	4	3	1	11	3	1	7	2	2	1	1	4	5	12221331431113172211	12221331
B7_18	1	2	2	2	1	2	2	1	1	2	1	1	2	2	1	2	2	1	1	2	6	1222122112112212211	12221221
B7_19	1	10	36	1	1	1	1	2	1	1	1	3	24	4	1	1	1	2	1	3	1	1103611112111324411121	1103611112
B7_2	1	2	2	2	1	2	8	1	95	2	1	1	2	1	1	2	2	1	1	1	20	12221281952112112211	12221281
B7_20	199	1	1	1	1	1	1	2	1	1	1	2	1	3	1	1	1	2	1	20	103	199111111211121311121	1991111112
B7_3	2	2	2	2	1	2	3	1	1	3	3	6	3	1	12	2	2	1	1	209	3	22221231133631122211	22221231
B7_4	1	2	2	2	76	2	2	1	1	2	1	1	6	1	1	2	3	1	1	7	4	12227622112116112311	122276221
B7_5	1	1	6	1	1	1	1	2	1	1	1	2	1	3	1	1	1	2	1	9	22	1161111211121311121	11611112
B7_6	1	1	1	1	1	2	5	2	1	1	1	2	5	8	1	1	1	2	349	433	10	111112521112581112349	11111252
B7_7	1	1	1	1	1	1	1	2	1	1	1	2	1	4	1	1	1	2	1	18	14	1111111211121411121	11111112
B7_8	1	1	1	1	2	1	1	2	1	1	1	3	1	3	1	1	1	3	1	266	55	1111211211131311131	11112112
B7_9	8	2	2	2	4	13	3	1	1	3	1	1	3	56	2	4	2	1	14	4	8	8222413311311356242114	822241331
B8_1	5	2	82	2	4	2	3	1	1	3	1	1	3	2	2	4	2	1	3	4	8	52822423113113224213	528224231
B8_10	1	2	2	30	1	2	3	1	1	3	1	1	3	2	2	2	2	1	1	4	62	12230123113113222211	122301231
B8_11	8	2	2	2	4	13	3	1	1	3	1	1	3	29	2	4	2	1	14	6	8	8222413311311329242114	822241331
B8_12	1	1	1	1	2	1	1	2	1	1	1	3	1	3	1	1	1	3	1	8	1	1111211211131311131	11112112
B8_13	1	2	2	2	32	2	2	1	1	2	1	1	2	2	1	2	2	1	1	2	5	12223222112112212211	122232221
B8_14	1	2	2	2	1	2	2	1	1	2	1	1	2	10	1	2	2	1	1	1	6	12221221121121012211	12221221
B8_15	25	1	1	26	1	1	1	2	1	1	1	2	1	4	1	1	1	2	1	9	45	251126111211121411121	2511261112
B8_16	132	1	1	1	1	1	1	2	1	1	1	2	1	7	1	5	1	2	1	75	16	132111111211121715121	1321111112
B8_17	1	1	1	1	1	1	1	2	1	1	1	4	1	11	1	1	1	2	1	5	1	11111112111411111121	11111112
B8_18	1	2	2	2	1	2	2	1	1	2	1	1	2	2	1	2	3	1	1	40	30	1222122112112212311	12221221
B8_19	1	4	1	1	1	7	1	2	1	1	1	16	1	19	1	1	1	2	1	18	11	141117121111611911121	14111712
B8_2	2	2	2	2	1	2	3	1	1	3	3	6	3	2	12	2	2	1	1	24	3	22221231133632122211	22221231
B8_20	1	1	1	1	2	1	1	2	1	1	1	3	1	4	1	1	1	3	1	8	1	1111211211131411131	11112112
B8_21	1	2	2	2	1	2	8	1	6	2	1	1	2	2	1	2	46	1	1	1	20	12221281621122124611	12221281
B8_22	1	2	2	2	1	2	2	1	1	2	1	1	2	2	1	2	3	1	1	35	2	1222122112112212311	12221221
B8_23	1	1	1	1	1	1	1	20	1	1	1	4	1	3	1	19	1	2	1	3	1	111111120111413119121	111111120
B8_24	2	2	2	2	1	2	3	1	1	3	3	6	3	1	12	2	2	1	1	240	3	22221231133631122211	22221231
B8_25	1	2	2	2	1	3	3	1	4	3	1	11	3	2	7	2	2	1	1	4	5	12221331431113272211	12221331
B8_26	1	1	1	1	2	1	1	2	1	1	1	3	1	32	1	1	1	11	1	11	1	111121121113132111111	11112112
B8_27	2	2	2	2	1	2	3	1	1	3	3	6	3	1	4	2	2	1	1	24	3	2222123113363142211	22221231
B8_28	1	1	1	1	1	1	1	2	1	1	1	2	1	4	39	1	1	2	1	37	1	11111112111214391121	11111112
B8_29	1	2	2	2	4	2	3	1	1	3	1	1	3	1	2	4	2	1	3	4	5	1222423113113124213	12224231
B8_3	1	1	1	1	1	1	1	2	1	1	1	19	1	3	1	1	1	2	5	5	1	11111112111191311125	11111112
B8_30	12	1	1	1	1	1	6	2	1	1	1	9	1	4	1	1	1	2	1	3	1	12111116211191411121	121111162
B8_31	1	1	1	1	1	1	1	2	1	1	1	2	1	7	1	5	1	2	1	43	16	1111111211121715121	11111112
B8_32	1	1	1	1	2	1	1	2	1	1	1	3	1	4	1	1	1	2	1	8	1	1111211211131411121	11112112
B8_4	1	1	1	1	1	2	5	2	1	1	1	2	5	8	10	1	1	2	1	34	10	11111252111258101121	11111252
B8_5	1	2	2	2	1	8	2	1	1	2	1	1	2	1	1	2	2	1	1	2	48	1222182112112112211	12221821
B8_6	1	2	2	2	1	2	3	1	1	3	1	1	3	2	29	2	2	1	1	6	3	12221231131132292211	12221231
B8_7	1	2	2	2	428	2	2	1	1	2	1	1	2	2	5	2	2	1	1	12	4	122242822112112252211	1222428221
B8_8	1	1	1	1	35	1	1	2	1	1	1	3	1	3	1	1	1	3	1	11	1	11113511211131311131	111135112
B8_9	1	1	1	1	1	1	1	2	1	1	1	38	1	4	1	5	1	2	1	18	19	11111112111381415121	11111112
B9_1	1	7	1	1	1	2	5	2	1	1	1	2	5	8	1	1	1	2	1	34	10	1711125211125811121	17111252
B9_10	8	2	2	2	4	13	3	1	1	3	1	1	3	29	2	4	2	1	14	6	8	8222413311311329242114	822241331
B9_11	1	1	1	1	2	1	1	2	1	1	1	3	1	4	1	1	1	3	1	11	1	1111211211131411131	11112112
B9_12	1	1	1	1	2	1	1	2	1	1	1	3	1	4	1	1	1	3	.	11	1	111121121113141113.	11112112
B9_13	1	1	1	1	2	1	1	2	1	1	1	3	1	3	1	1	1	3	1	8	1	1111211211131311131	11112112
B9_14	1	2	2	2	1	2	2	1	1	2	1	1	2	2	1	2	2	1	1	2	6	1222122112112212211	12221221
B9_15	1	2	2	2	1	2	8	1	6	2	1	1	2	1	1	2	8	1	1	1	20	1222128162112112811	12221281
B9_16	1	2	2	2	1	2	2	1	1	2	1	71	6	1	1	2	3	1	1	1	6	12221221121716112311	12221221
B9_17	1	1	1	1	1	19	1	2	1	1	1	4	1	11	1	1	1	2	1	5	1	111111912111411111121	111111912
B9_18	1	2	2	2	3	2	2	1	1	2	1	1	2	1	1	2	2	1	1	1	2	1222322112112112211	12223221
B9_19	1	36	42	1	90	2	5	2	1	1	1	2	5	21	1	1	1	2	1	93	10	13642190252111252111121	13642190252
B9_2	1	1	1	1	2	1	1	2	1	1	1	3	1	3	1	1	1	3	1	11	22	1111211211131311131	11112112
B9_20	1	2	2	2	1	3	3	1	4	3	1	11	3	1	7	2	2	1	1	6	5	12221331431113172211	12221331
B9_21	1	1	1	1	1	2	5	2	1	1	1	2	5	8	10	1	1	2	1	31	10	11111252111258101121	11111252
B9_22	2	2	2	2	1	2	3	1	1	3	3	6	3	2	4	2	2	1	1	24	3	2222123113363242211	22221231
B9_23	5	2	2	2	4	2	3	1	1	3	1	1	3	2	2	4	2	1	3	6	8	5222423113113224213	52224231
B9_24	2	2	2	2	1	2	3	1	1	3	3	6	3	1	12	2	2	1	1	28	3	22221231133631122211	22221231
B9_25	1	1	1	1	1	1	1	2	1	1	1	2	1	7	1	5	1	2	1	42	16	1111111211121715121	11111112
B9_26	2	2	2	2	1	2	3	1	1	3	3	6	3	1	4	2	2	1	1	24	3	2222123113363142211	22221231
B9_27	1	7	1	1	1	2	5	2	1	1	1	2	5	8	1	1	1	2	1	57	23	1711125211125811121	17111252
B9_28	1	1	1	1	1	1	1	2	1	1	1	4	1	11	1	1	1	2	1	3	1	11111112111411111121	11111112
B9_29	1	1	1	1	1	1	1	3	1	1	1	8	1	3	1	1	1	2	1	14	7	1111111311181311121	11111113
B9_3	1	2	2	2	1	2	2	1	1	2	1	1	2	1	1	2	3	1	1	35	2	1222122112112112311	12221221
B9_30	1	1	1	1	1	1	1	2	1	1	1	4	31	11	1	1	1	2	1	3	1	111111121114311111121	11111112
B9_31	1	2	2	2	1	2	8	1	6	2	1	1	2	1	1	2	2	1	1	1	20	1222128162112112211	12221281
B9_32	1	1	6	1	1	1	1	2	1	1	1	2	1	4	1	1	1	2	1	9	1	1161111211121411121	11611112
B9_4	1	1	1	1	2	1	1	2	1	1	1	3	1	3	1	1	1	3	1	11	1	1111211211131311131	11112112
B9_5	37	1	1	1	1	1	6	2	1	1	1	15	1	4	1	1	1	2	1	3	1	371111162111151411121	371111162
B9_6	1	2	2	2	1	2	2	1	1	2	1	1	2	2	1	2	3	1	1	35	2	1222122112112212311	12221221
B9_7	1	1	1	1	1	1	1	2	1	1	1	4	1	24	1	1	1	2	1	5	1	11111112111412411121	11111112
B9_8	1	1	1	1	1	1	1	2	1	1	1	4	1	11	1	1	1	2	1	3	1	11111112111411111121	11111112
B9_9	1	2	2	2	4	2	3	1	1	3	1	1	3	2	2	4	2	1	3	6	5	1222423113113224213	12224231
G1_1	1	1	1	1	1	1	1	2	1	1	1	3	1	7	1	1	1	2	1	3	1	1111111211131711121	11111112
G1_10	1	2	12	2	1	2	2	1	1	2	1	1	2	1	1	2	2	1	1	1	2	12122122112112112211	121221221
G1_11	15	17	20	14	10	14	5	11	13	1	1	20	1	10	1	1	1	2	1	76	26	15172014101451113112011011121	151720141014511
G1_12	2	109	2	2	1	62	3	1	1	3	1	1	3	1	2	2	94	1	1	4	29	21092216231131131229411	21092216231
G1_13	1	2	2	2	36	2	2	1	1	2	1	1	2	1	1	2	14	1	61	81	4	1222362211211211214161	122236221
G1_14	1	2	12	2	1	2	2	1	1	2	1	1	2	2	1	2	2	1	1	2	2	12122122112112212211	121221221
G1_15	1	1	1	1	1	1	1	2	22	1	14	3	1	7	1	1	1	2	1	3	36	111111122211431711121	11111112
G1_16	1	2	2	2	5	28	2	1	1	2	1	1	2	10	5	2	2	1	1	1	3	122252821121121052211	122252821
G1_17	1	1	1	1	1	1	1	2	1	1	1	4	1	4	1	1	1	2	1	3	1	1111111211141411121	11111112
G1_18	1	2	2	2	36	2	2	1	1	2	1	1	2	1	1	2	14	1	61	62	4	1222362211211211214161	122236221
G1_19	1	2	2	2	1	5	2	1	1	2	1	1	2	1	1	2	3	1	1	17	13	1222152112112112311	12221521
G1_2	1	2	2	2	1	5	2	1	1	93	1	1	2	2	1	2	3	1	1	17	13	12221521193112212311	12221521
G1_20	1	2	2	2	5	17	2	1	1	2	1	1	2	1	5	2	2	1	1	1	25	12225172112112152211	122251721
G1_21	1	1	1	1	51	1	1	2	1	1	1	3	1	25	1	1	1	2	1	3	31	111151112111312511121	111151112
G1_22	1	9	2	2	1	2	2	1	1	2	1	1	11	2	1	2	3	1	1	1	21	19221221121111212311	19221221
G1_23	1	2	2	2	1	5	2	1	1	2	1	1	2	1	1	2	3	1	1	17	28	1222152112112112311	12221521
G1_24	1	1	1	1	1	1	1	2	1	1	1	4	1	3	1	1	1	22	1	9	14	11111112111413111221	11111112
G1_25	1	2	2	2	1	5	2	1	1	2	1	1	2	1	1	23	3	1	1	17	13	12221521121121123311	12221521
G1_26	1	2	2	2	1	2	2	1	1	2	1	1	2	1	1	2	3	1	1	1	4	1222122112112112311	12221221
G1_27	1	2	2	2	1	2	2	1	1	2	1	1	2	1	1	2	3	43	1	2	4	12221221121121123431	12221221
G1_28	1	2	2	2	41	2	3	1	1	3	1	1	3	31	2	4	2	1	3	4	29	122241231131133124213	122241231
G1_29	1	2	2	2	1	16	3	1	1	3	1	1	3	1	6	2	2	1	1	6	8	12221163113113162211	122211631
G1_3	1	2	2	2	1	12	2	1	1	2	1	1	2	2	1	2	2	1	1	2	30	12221122112112212211	122211221
G1_30	1	1	1	1	1	1	1	2	1	1	1	4	1	3	1	1	1	22	1	9	1	11111112111413111221	11111112
G1_31	1	2	12	2	1	2	2	1	1	2	1	1	2	1	1	2	2	1	1	1	2	12122122112112112211	121221221
G1_32	1	2	2	2	1	5	2	1	1	2	1	1	2	1	1	23	3	1	1	17	13	12221521121121123311	12221521
G1_4	1	2	2	2	1	26	2	1	1	2	1	1	2	1	1	2	3	1	1	1	80	12221262112112112311	122212621
G1_5	1	2	2	2	1	2	3	1	1	3	1	1	3	2	2	2	277	1	1	6	3	122212311311322227711	12221231
G1_6	1	2	2	2	5	2	2	1	1	2	1	1	2	2	5	2	2	1	1	1	3	1222522112112252211	12225221
G1_7	1	1	1	1	1	1	1	2	1	1	1	2	1	4	1	10	1	2	1	267	7	11111112111214110121	11111112
G1_8	1	1	1	1	1	1	1	2	1	1	1	4	1	3	66	1	1	2	60	10	1	111111121114136611260	11111112
G1_9	1	9	2	2	1	2	2	1	1	2	1	1	11	1	1	2	3	1	1	1	21	19221221121111112311	19221221
G2_1	1	1	1	1	1	1	1	2	1	1	1	3	1	25	1	1	1	2	1	3	.	11111112111312511121	11111112
G2_10	1	2	2	2	5	2	2	1	1	2	1	1	2	1	5	2	2	1	1	1	4	1222522112112152211	12225221
G2_11	1	2	41	2	1	2	2	1	1	2	1	1	2	1	1	2	2	1	1	1	2	12412122112112112211	124121221
G2_12	18	1	1	1	304	1	1	2	1	1	1	4	1	4	1	1	1	2	1	53	1	1811130411211141411121	18111304112
G2_13	1	1	1	1	1	1	1	2	1	1	1	4	1	24	1	1	1	2	1	5	45	11111112111412411121	11111112
G2_14	1	2	2	2	1	2	3	1	1	3	1	1	3	72	174	2	2	1	1	6	97	1222123113113721742211	12221231
G2_15	1	2	2	2	1	2	3	1	1	3	1	1	3	72	2	2	2	50	1	4	3	122212311311372222501	12221231
G2_16	1	1	1	1	1	1	1	2	1	1	1	4	1	4	1	1	1	2	1	3	1	1111111211141411121	11111112
G2_17	.	.	.	.	.	.	.	.	.	.	.	.	.	.	.	.	.	.	.	.	.	...................	........
G2_18	1	2	2	2	1	5	2	1	1	2	1	1	2	1	1	2	3	1	1	123	28	1222152112112112311	12221521
G2_19	1	2	2	2	1	2	2	89	1	2	1	44	2	2	1	2	2	1	1	1	17	122212289121442212211	122212289
G2_2	1	2	2	2	1	5	2	1	1	2	1	1	2	2	1	2	3	1	1	17	51	1222152112112212311	12221521
G2_20	1	2	2	2	1	12	2	1	1	2	1	1	2	1	1	2	2	1	1	1	2	12221122112112112211	122211221
G2_21	2	2	2	2	1	2	3	1	1	3	3	6	3	2	4	2	2	1	1	46	3	2222123113363242211	22221231
G2_22	1	2	2	2	1	5	2	1	1	2	1	1	2	1	1	2	3	1	1	123	28	1222152112112112311	12221521
G2_23	1	2	2	2	5	2	2	1	1	2	1	1	2	97	5	2	2	1	1	1	3	12225221121129752211	12225221
G2_24	1	9	2	2	1	2	2	1	1	2	1	1	11	2	1	2	3	1	1	1	21	19221221121111212311	19221221
G2_25	1	2	12	2	1	2	2	1	1	2	1	1	2	1	1	2	2	1	1	1	2	12122122112112112211	121221221
G2_26	1	1	1	4	1	1	1	2	1	1	1	2	1	4	1	1	1	2	1	22	39	1114111211121411121	11141112
G2_27	1	2	2	2	1	2	2	1	1	2	1	1	2	1	1	2	3	1	1	2	4	1222122112112112311	12221221
G2_28	1	2	2	2	1	5	2	1	1	2	1	1	2	1	1	2	3	1	1	17	38	1222152112112112311	12221521
G2_29	1	2	2	2	5	17	2	1	1	2	1	1	2	1	5	2	2	1	1	2	25	12225172112112152211	122251721
G2_3	1	1	1	1	1	1	1	2	1	1	1	2	22	4	1	10	1	2	1	98	7	111111121112224110121	11111112
G2_30	1	2	2	2	4	2	3	1	1	3	1	1	3	31	2	4	2	1	3	4	29	12224231131133124213	12224231
G2_31	1	1	1	1	1	1	1	2	1	1	1	4	1	4	1	1	1	2	1	3	1	1111111211141411121	11111112
G2_32	1	1	1	1	1	1	1	2	1	1	1	3	1	7	1	1	1	2	1	3	1	1111111211131711121	11111112
G2_4	1	2	2	2	1	26	2	1	1	2	1	1	2	2	1	2	3	1	1	1	4	12221262112112212311	122212621
G2_5	1	2	2	2	5	2	2	1	1	2	1	1	2	10	5	2	2	1	1	1	4	12225221121121052211	12225221
G2_6	1	2	2	2	1	5	2	1	1	2	1	1	2	1	1	2	3	1	1	23	28	1222152112112112311	12221521
G2_7	1	2	2	2	1	2	3	1	1	3	1	1	3	72	2	2	2	50	1	4	3	122212311311372222501	12221231
G2_8	1	2	2	2	1	12	2	1	1	2	1	1	2	1	1	2	2	1	1	1	2	12221122112112112211	122211221
G2_9	1	2	2	2	5	2	2	1	1	2	1	1	2	2	5	2	2	60	1	158	4	12225221121122522601	12225221
G3_1	1	2	2	2	1	12	2	1	1	2	1	1	2	2	1	2	2	1	1	1	2	12221122112112212211	122211221
G3_10	1	2	12	2	1	2	2	1	1	2	1	1	2	1	1	2	2	1	1	2	2	12122122112112112211	121221221
G3_11	1	2	2	2	1	5	2	1	1	2	1	1	2	2	1	2	3	1	1	17	51	1222152112112212311	12221521
G3_12	1	1	1	1	1	1	1	2	1	1	1	4	1	4	1	1	1	2	1	3	1	1111111211141411121	11111112
G3_13	1	2	2	2	1	2	2	1	12	2	1	1	2	1	1	2	2	1	1	2	6	12221221122112112211	12221221
G3_14	1	2	2	2	1	2	2	1	12	2	1	1	2	1	1	2	2	1	1	1	6	12221221122112112211	12221221
G3_15	1	2	2	2	5	2	2	1	1	2	1	1	2	10	5	2	2	1	1	2	4	12225221121121052211	12225221
G3_16	1	2	2	2	1	26	2	1	1	2	1	1	2	2	1	2	3	1	1	1	80	12221262112112212311	122212621
G3_17	1	2	153	2	1	26	2	1	1	2	1	1	2	1	136	2	3	1	1	2	4	121532126211211211362311	12153212621
G3_18	1	2	2	2	1	2	2	1	1	2	1	1	2	1	1	2	3	1	1	2	4	1222122112112112311	12221221
G3_19	1	1	1	4	1	1	1	2	1	1	1	2	1	4	1	1	1	2	1	19	39	1114111211121411121	11141112
G3_2	1	1	1	1	1	1	1	2	1	1	1	2	1	3	1	1	1	2	5	3	1	1111111211121311125	11111112
G3_20	1	1	1	1	1	1	1	2	1	1	1	4	1	3	1	1	1	22	1	9	14	11111112111413111221	11111112
G3_21	1	1	1	1	1	1	1	2	1	1	1	4	1	4	1	1	1	2	1	3	1	1111111211141411121	11111112
G3_22	1	1	1	1	1	1	1	2	1	1	1	4	1	4	1	1	1	2	1	5	1	1111111211141411121	11111112
G3_23	1	1	1	1	1	1	1	2	1	1	1	2	22	4	1	10	1	2	1	98	7	111111121112224110121	11111112
G3_24	1	2	2	2	1	2	3	1	1	3	1	1	3	1	2	2	2	1	1	4	34	1222123113113122211	12221231
G3_25	1	2	2	2	1	5	2	1	1	2	1	1	2	1	1	2	3	1	1	23	38	1222152112112112311	12221521
G3_26	1	2	2	2	5	2	2	1	1	2	1	1	2	1	5	2	2	1	1	1	4	1222522112112152211	12225221
G3_27	1	2	2	2	1	2	2	1	12	2	1	1	2	1	1	2	2	1	1	2	6	12221221122112112211	12221221
G3_28	1	2	114	2	1	5	2	1	1	2	1	1	2	1	1	2	3	1	1	17	13	121142152112112112311	1211421521
G3_29	31	49	23	12	1	20	5	2	28	31	1	2	15	1	1	54	1	9	15	9	75	31492312120522831121511541915	3149231212052
G3_3	1	2	2	2	5	17	2	1	1	2	1	1	2	1	5	2	2	1	1	1	25	12225172112112152211	122251721
G3_30	1	2	2	2	1	2	3	1	1	3	1	1	3	2	2	2	2	1	1	4	34	1222123113113222211	12221231
G3_31	1	2	2	2	1	2	2	1	1	2	1	1	2	1	1	2	3	1	1	1	4	1222122112112112311	12221221
G3_32	1	2	2	2	16	5	2	1	1	2	1	1	2	2	1	2	3	1	1	17	13	12221652112112212311	122216521
G3_4	1	2	2	2	1	12	2	1	1	2	1	1	2	2	1	2	2	1	1	1	30	12221122112112212211	122211221
G3_5	1	2	2	2	1	5	2	1	1	2	1	1	2	1	1	2	3	1	1	17	38	1222152112112112311	12221521
G3_6	1	2	1	1	1	1	2	1	1	2	1	1	2	1	1	23	3	1	1	23	13	12111121121121123311	12111121
G3_7	1	1	96	1	1	1	1	2	1	1	1	4	1	4	1	1	1	2	51	5	1	119611112111414111251	119611112
G3_8	1	1	1	1	1	1	1	2	1	1	1	4	1	4	1	1	1	2	1	3	1	1111111211141411121	11111112
G3_9	1	9	2	2	1	2	2	1	1	2	1	1	11	2	1	2	3	1	1	2	21	19221221121111212311	19221221
G4_1	1	1	1	1	1	1	1	2	22	1	14	3	1	7	1	1	1	2	1	3	36	111111122211431711121	11111112
G4_10	1	9	2	2	1	2	2	1	1	2	1	1	11	1	1	2	3	1	1	1	21	19221221121111112311	19221221
G4_11	1	2	2	2	1	5	2	1	1	2	1	1	2	2	42	2	3	1	1	17	13	12221521121122422311	12221521
G4_12	1	17	20	14	10	14	5	11	13	1	1	20	1	10	1	32	1	2	1	76	26	11720141014511131120110132121	11720141014511
G4_13	1	373	2	2	1	2	235	1	1	3	1	80	3	10	181	66	1	1	1	913	115	1373221223511318031018166111	137322122351
G4_14	1	1	1	1	1	1	162	2	1	1	1	2	1	4	372	10	1	2	1	5	7	111111162211121437210121	1111111622
G4_15	1	1	1	4	1	1	1	2	1	1	1	2	1	3	1	1	1	2	1	22	9	1114111211121311121	11141112
G4_16	1	10	106	1	1	1	1	2	1	1	1	3	24	4	1	1	1	2	1	5	1	11010611112111324411121	11010611112
G4_17	1	2	2	2	5	2	2	1	1	2	1	1	2	2	5	2	2	1	1	1	81	1222522112112252211	12225221
G4_18	1	83	2	2	1	2	2	1	1	2	1	1	2	1	1	2	3	1	1	2	4	18322122112112112311	183221221
G4_19	1	1	1	1	1	1	1	2	1	1	1	4	1	3	1	1	1	2	1	10	1	1111111211141311121	11111112
G4_2	1	1	214	1	2	1	1	2	.	1	1	3	1	3	1	1	1	2	271	8	1	1121412112.113131112271	1121412112
G4_20	1	2	2	2	5	2	2	1	1	2	1	1	2	2	5	2	2	1	1	155	4	1222522112112252211	12225221
G4_21	1	2	2	2	5	2	2	1	1	2	1	1	2	10	5	2	2	1	1	62	4	12225221121121052211	12225221
G4_22	1	2	2	2	5	2	2	1	1	2	1	1	2	2	5	2	2	1	1	2	81	1222522112112252211	12225221
G4_23	1	2	41	2	1	2	2	1	1	2	1	1	2	1	1	2	2	1	1	2	2	12412122112112112211	124121221
G4_24	1	2	2	2	1	26	2	1	1	2	1	1	2	2	1	2	3	1	1	1	80	12221262112112212311	122212621
G4_25	1	2	2	2	1	5	2	1	1	2	1	1	2	2	1	2	3	1	1	17	13	1222152112112212311	12221521
G4_26	1	2	2	2	1	5	2	1	1	2	1	1	2	1	1	2	3	1	1	17	13	1222152112112112311	12221521
G4_27	1	1	1	1	1	1	1	2	22	1	14	3	1	7	1	1	1	2	1	3	36	111111122211431711121	11111112
G4_28	15	17	20	14	10	14	5	11	13	1	1	20	1	10	1	1	1	2	1	91	26	15172014101451113112011011121	151720141014511
G4_29	1	2	2	2	3	2	2	1	1	2	1	1	2	1	50	2	2	1	1	1	2	12223221121121502211	12223221
G4_3	1	1	1	1	1	1	1	2	1	1	1	4	1	4	1	1	1	2	1	3	1	1111111211141411121	11111112
G4_30	1	2	2	2	1	16	3	1	1	3	1	1	3	1	6	2	2	1	1	4	8	12221163113113162211	122211631
G4_31	1	1	1	1	1	1	1	2	1	1	1	4	1	4	1	1	1	2	51	3	1	11111112111414111251	11111112
G4_32	1	2	2	2	1	5	2	1	1	2	1	81	2	2	1	2	3	1	1	17	2	12221521121812212311	12221521
G4_4	1	1	1	1	1	1	1	2	1	1	1	4	1	4	1	1	1	2	60	3	1	11111112111414111260	11111112
G4_5	1	1	1	1	1	1	1	2	1	1	1	4	1	4	1	1	1	2	60	5	1	11111112111414111260	11111112
G4_6	1	2	2	2	1	5	2	1	1	2	1	1	2	2	1	2	3	1	1	17	13	1222152112112212311	12221521
G4_7	1	2	2	2	1	2	3	1	1	3	1	1	3	1	2	2	2	1	15	4	34	12221231131131222115	12221231
G4_8	117	2	2	2	1	3	3	1	1	3	1	1	3	2	2	2	2	1	1	6	29	117222133113113222211	1172221331
G4_9	1	2	2	2	1	2	3	1	1	3	1	1	3	2	2	2	2	1	1	6	34	1222123113113222211	12221231
G5_1	1	2	2	2	1	2	2	1	1	2	1	1	2	2	1	42	3	1	1	2	4	12221221121122142311	12221221
G5_10	1	2	2	2	1	5	2	1	1	2	1	1	2	2	1	2	3	1	1	17	38	1222152112112212311	12221521
G5_11	1	2	2	2	1	5	2	1	1	2	1	1	2	1	1	2	3	1	1	464	13	1222152112112112311	12221521
G5_12	1	2	2	2	1	2	2	1	12	2	12	1	2	2	1	2	2	1	1	1	6	122212211221212212211	12221221
G5_13	1	2	2	2	1	5	2	1	1	2	1	1	2	2	1	2	3	1	1	44	28	1222152112112212311	12221521
G5_14	1	2	12	2	1	2	2	1	1	2	1	1	2	1	1	2	2	1	1	1	2	12122122112112112211	121221221
G5_15	18	1	1	1	1	1	1	2	1	1	1	4	1	4	1	1	1	2	1	34	1	18111111211141411121	181111112
G5_16	1	2	2	2	1	12	2	1	1	2	1	1	2	2	1	2	2	1	1	2	2	12221122112112212211	122211221
G5_17	1	2	2	2	5	2	2	1	1	2	1	1	2	1	5	2	2	1	1	158	4	1222522112112152211	12225221
G5_18	1	1	1	4	1	1	1	2	1	1	1	2	1	4	1	1	1	2	1	19	9	1114111211121411121	11141112
G5_19	1	2	2	2	1	5	2	1	1	2	1	1	2	2	1	2	3	1	1	17	2	1222152112112212311	12221521
G5_2	1	1	1	1	1	1	1	2	1	1	1	3	1	25	1	1	1	2	217	3	31	1111111211131251112217	11111112
G5_20	1	2	2	2	1	5	2	1	1	2	1	1	2	1	1	2	3	1	1	17	32	1222152112112112311	12221521
G5_21	1	1	1	1	1	1	1	2	1	1	1	3	1	7	1	1	1	2	1	160	1	1111111211131711121	11111112
G5_22	1	9	2	2	1	2	2	1	1	2	1	1	11	1	1	2	3	1	1	1	21	19221221121111112311	19221221
G5_23	1	2	2	2	1	5	2	1	1	2	1	1	2	1	1	2	3	1	1	17	13	1222152112112112311	12221521
G5_24	1	1	1	1	1	1	1	2	1	1	1	2	1	3	1	10	1	2	1	267	106	11111112111213110121	11111112
G5_25	1	2	2	2	5	2	2	1	1	2	1	1	2	1	5	2	2	1	1	1	4	1222522112112152211	12225221
G5_26	1	1	1	1	1	1	1	2	1	1	1	4	1	4	1	1	1	2	1	3	1	1111111211141411121	11111112
G5_27	1	42	2	2	1	2	3	25	1	3	1	1	3	1	2	11	2	1	1	4	43	1422212325131131211211	1422212325
G5_28	1	2	2	2	1	5	2	1	1	2	1	1	2	2	1	2	3	1	1	23	2	1222152112112212311	12221521
G5_29	1	1	1	1	1	1	1	2	1	1	1	3	46	25	1	1	1	2	1	5	31	111111121113462511121	11111112
G5_3	1	2	2	2	1	16	3	1	1	3	1	1	3	1	6	2	2	302	1	4	8	1222116311311316223021	122211631
G5_30	1	2	2	2	1	2	2	1	1	2	1	1	2	2	1	2	2	1	1	1	2	1222122112112212211	12221221
G5_31	1	9	2	2	1	2	2	1	1	2	1	1	11	1	1	2	3	1	1	1	21	19221221121111112311	19221221
G5_32	1	2	2	2	1	5	2	1	1	2	1	1	2	1	1	2	3	1	1	17	32	1222152112112112311	12221521
G5_4	1	2	2	2	1	2	2	1	12	2	12	1	2	2	1	2	2	1	1	1	6	122212211221212212211	12221221
G5_5	1	1	1	1	1	1	1	2	1	1	1	3	1	25	1	1	1	2	1	5	31	11111112111312511121	11111112
G5_6	1	2	12	2	1	2	2	1	1	2	1	1	2	2	1	2	2	1	1	1	102	12122122112112212211	121221221
G5_7	1	2	2	2	1	5	2	1	1	185	1	1	2	2	42	2	3	1	1	17	13	1222152111851122422311	12221521
G5_8	1	2	2	2	1	5	2	1	1	2	1	1	2	2	1	2	3	1	1	23	104	1222152112112212311	12221521
G5_9	1	2	2	47	1	5	2	1	1	2	1	1	2	1	1	23	3	1	1	17	13	122471521121121123311	122471521
G6_1	1	42	2	2	1	2	3	25	1	3	1	1	3	1	2	11	2	1	.	4	43	142221232513113121121.	1422212325
G6_10	1	1	1	1	1	1	1	2	1	1	1	3	1	25	1	1	1	2	138	3	31	1111111211131251112138	11111112
G6_11	1	2	2	2	5	17	2	1	1	2	1	1	2	1	5	2	2	1	1	1	25	12225172112112152211	122251721
G6_12	1	2	2	2	1	2	99	1	1	2	1	1	2	10	1	2	2	1	1	2	2	122212991121121012211	122212991
G6_13	1	1	1	1	1	1	1	2	1	1	1	4	1	3	1	1	1	2	1	3	1	1111111211141311121	11111112
G6_14	1	2	2	2	1	5	2	1	1	2	1	1	2	1	1	23	3	1	1	17	13	12221521121121123311	12221521
G6_15	1	2	2	2	1	2	2	1	1	2	1	1	2	1	1	2	2	1	1	2	2	1222122112112112211	12221221
G6_16	1	2	2	2	4	2	3	1	1	3	1	1	3	31	2	4	2	1	3	6	29	12224231131133124213	12224231
G6_17	1	17	20	14	10	14	5	11	13	1	1	20	1	10	1	32	1	2	1	76	26	11720141014511131120110132121	11720141014511
G6_18	1	2	2	2	1	5	2	1	1	2	1	1	2	2	1	2	3	1	1	17	28	1222152112112212311	12221521
G6_19	2	2	2	2	1	35	3	1	1	3	3	6	3	1	4	2	2	1	1	24	3	22221353113363142211	222213531
G6_2	1	1	1	1	1	1	1	2	1	1	1	2	1	21	1	1	1	2	1	3	77	11111112111212111121	11111112
G6_20	1	2	2	2	1	5	2	1	1	2	1	1	2	1	1	2	3	1	1	17	32	1222152112112112311	12221521
G6_21	1	2	41	2	1	2	2	1	1	2	1	1	2	1	1	2	2	1	1	1	2	12412122112112112211	124121221
G6_22	18	1	1	1	1	1	1	2	1	1	1	4	1	4	1	1	1	2	1	31	1	18111111211141411121	181111112
G6_23	1	2	2	2	1	2	2	1	1	27	1	1	2	1	1	2	3	1	1	35	2	12221221127112112311	12221221
G6_24	1	2	2	2	4	2	3	1	1	3	1	1	3	1	2	47	2	1	3	6	5	12224231131131247213	12224231
G6_25	1	9	2	2	1	2	2	1	1	2	1	1	11	2	1	2	3	1	1	1	21	19221221121111212311	19221221
G6_26	1	2	2	2	1	2	3	1	1	3	1	1	3	2	2	2	2	1	1	4	34	1222123113113222211	12221231
G6_27	15	17	20	14	10	63	5	11	13	1	1	20	1	10	1	1	1	2	1	76	26	15172014106351113112011011121	151720141063511
G6_28	1	2	2	2	41	2	3	1	1	3	1	1	3	31	2	4	2	1	3	4	29	122241231131133124213	122241231
G6_29	1	1	1	1	1	1	1	2	1	1	1	4	1	50	1	1	1	2	60	3	1	111111121114150111260	11111112
G6_3	1	2	2	2	5	2	2	1	1	2	1	1	2	1	5	2	2	91	1	2	25	12225221121121522911	12225221
G6_30	1	111	1	1	1	1	1	2	1	1	1	3	1	25	1	1	1	2	1	5	31	1111111112111312511121	1111111112
G6_31	1	2	2	2	1	5	2	1	1	2	1	1	2	1	1	2	3	1	1	17	32	1222152112112112311	12221521
G6_4	1	2	2	2	4	2	3	1	1	3	1	1	3	1	2	47	2	1	3	4	5	12224231131131247213	12224231
G6_5	1	1	1	1	1	1	1	2	1	1	1	4	1	4	1	1	1	2	1	10	1	1111111211141411121	11111112
G6_6	1	1	1	4	1	1	1	2	1	1	1	2	1	4	1	1	1	2	1	22	39	1114111211121411121	11141112
G6_7	15	17	20	14	10	14	5	11	13	1	1	20	1	10	1	1	1	2	1	91	26	15172014101451113112011011121	151720141014511
G6_8	1	1	1	4	1	1	1	2	1	1	1	2	1	4	1	1	1	2	1	19	39	1114111211121411121	11141112
G6_9	1	2	2	2	1	5	2	1	108	2	1	1	2	2	1	2	3	1	1	23	51	122215211082112212311	12221521
L1_1	1	13	2	2	1	2	2	1	1	2	1	1	6	2	1	2	3	1	1	2	4	11322122112116212311	113221221
L1_10	1	2	29	2	1	3	3	1	34	3	1	1	3	38	2	2	2	1	1	13	69	1229213313431133822211	122921331
L1_11	1	2	9	2	40	3	3	1	1	3	1	1	3	2	2	2	2	1	1	52	18	12924033113113222211	129240331
L1_12	1	2	12	2	1	2	2	1	1	2	1	1	2	1	1	2	2	1	1	2	2	12122122112112112211	121221221
L1_13	1	2	12	2	150	2	2	1	1	2	1	1	2	1	1	2	2	1	1	1	2	1212215022112112112211	12122150221
L1_14	1	13	2	2	1	2	2	1	1	2	1	1	6	1	1	2	3	1	1	1	4	11322122112116112311	113221221
L1_15	1	2	2	2	1	2	242	1	1	2	1	1	6	2	1	2	3	1	1	1	88	122212242112116212311	1222122421
L1_16	1	2	2	2	1	8	2	1	1	2	1	1	2	2	1	2	2	1	66	2	17	12221821121122122166	12221821
L1_2	1	2	2	2	1	2	3	1	1	3	1	1	3	1	6	2	2	1	1	4	8	1222123113113162211	12221231
L1_25	1	2	2	77	1	2	2	1	1	2	1	1	6	1	1	2	55	1	1	1	4	122771221121161125511	122771221
L1_26	1	22	2	2	4	2	34	1	1	3	1	1	3	2	2	4	2	1	3	4	3	122224234113113224213	1222242341
L1_27	1	2	2	2	1	2	2	1	1	2	1	1	2	1	1	2	3	1	1	1	2	1222122112112112311	12221221
L1_28	1	2	2	2	1	2	49	1	1	2	1	1	6	2	65	2	3	1	1	1	4	122212491121162652311	122212491
L1_29	1	2	2	2	1	3	18	1	1	3	1	1	3	1	2	2	2	1	1	6	56	12221318113113122211	122213181
L1_3	1	2	2	9	1	2	3	10	1	3	1	1	3	1	2	2	2	2	1	4	12	12291231013113122221	122912310
L1_30	1	2	2	2	1	16	3	1	1	3	1	1	3	2	6	2	2	1	1	6	8	12221163113113262211	122211631
L1_31	1	1	1	1	1	1	1	2	1	1	1	2	1	4	1	1	1	2	1	37	1	1111111211121411121	11111112
L1_32	1	73	9	2	40	3	3	1	1	3	1	1	3	2	2	2	2	1	1	47	18	173924033113113222211	1739240331
L1_4	1	2	2	2	1	12	2	1	1	2	195	1	2	1	1	55	2	1	1	2	67	12221122112195121155211	122211221
L1_5	1	13	2	2	1	2	2	1	1	2	1	1	6	1	1	2	3	1	1	2	4	11322122112116112311	113221221
L1_6	1	1	1	1	1	1	1	2	1	1	1	2	1	3	1	1	1	2	5	5	1	1111111211121311125	11111112
L1_7	1	2	9	2	1	3	3	1	1	3	1	1	3	1	2	2	2	1	5	47	99	1292133113113122215	12921331
L1_8	1	2	2	9	1	2	3	10	1	3	1	1	3	1	2	2	2	1	1	6	73	12291231013113122211	122912310
L1_9	1	2	2	2	1	18	3	1	1	3	1	1	3	1	2	2	2	1	1	4	3	12221183113113122211	122211831
L1_17	1	1	1	1	1	1	1	2	1	1	1	2	1	3	1	1	1	2	5	3	1	1111111211121311125	11111112
L1_18	1	2	2	2	1	2	3	1	1	3	1	1	3	1	6	2	2	1	343	6	8	122212311311316221343	12221231
L1_19	9	82	2	9	1	2	3	10	1	3	1	1	3	1	2	2	2	1	1	4	47	982291231013113122211	9822912310
L1_20	1	2	2	2	1	2	3	1	1	3	1	1	3	2	6	2	2	1	1	4	40	1222123113113262211	12221231
L1_21	1	2	9	2	1	3	3	1	1	3	1	1	3	2	2	2	2	1	1	52	18	1292133113113222211	12921331
L1_22	1	2	2	2	1	2	3	1	1	3	1	1	3	1	6	2	2	1	1	6	40	1222123113113162211	12221231
L1_23	1	2	2	2	1	8	26	1	1	2	1	1	2	2	1	2	2	1	1	1	17	12221826112112212211	122218261
L1_24	1	2	2	2	1	39	3	79	1	3	1	1	3	1	6	2	2	1	1	4	8	122213937913113162211	1222139379
L4_1	1	2	2	2	1	2	2	1	1	2	1	1	6	2	1	2	24	1	1	1	6	12221221121162122411	12221221
L4_10	1	2	2	2	1	3	3	1	1	3	1	1	3	1	213	2	2	1	1	4	34	122213311311312132211	12221331
L4_11	1	2	2	2	1	2	2	1	1	2	1	1	6	1	1	2	34	1	1	1	4	12221221121161123411	12221221
L4_12	1	2	2	2	1	2	2	1	1	2	1	1	6	1	1	2	3	1	1	2	4	1222122112116112311	12221221
L4_13	1	2	2	2	1	3	3	1	1	24	1	1	3	1	2	2	2	1	1	4	37	12221331124113122211	12221331
L4_14	1	13	2	2	1	2	2	1	1	2	1	1	6	1	1	2	3	1	1	2	52	11322122112116112311	113221221
L4_15	1	1	1	1	1	1	1	2	1	1	1	2	1	3	1	1	1	2	5	5	1	1111111211121311125	11111112
L4_16	9	82	2	9	1	2	3	10	1	3	1	1	3	1	2	2	2	1	1	4	47	982291231013113122211	9822912310
L4_17	9	2	2	9	15	2	3	10	1	72	1	1	3	2	2	2	2	1	1	377	47	9229152310172113222211	9229152310
L4_18	1	2	2	2	1	2	2	1	1	2	1	1	2	2	23	2	3	1	1	1	4	12221221121122232311	12221221
L4_19	1	2	29	2	1	3	3	1	1	19	1	1	3	2	2	2	2	1	1	6	46	122921331119113222211	122921331
L4_2	1	2	9	2	1	3	3	1	1	3	1	1	3	1	2	2	2	1	1	47	18	1292133113113122211	12921331
L4_20	1	2	12	2	1	2	2	1	1	2	1	1	2	2	1	2	2	1	1	2	89	12122122112112212211	121221221
L4_21	1	2	12	2	1	2	2	1	1	2	1	1	2	1	1	2	2	1	1	2	2	12122122112112112211	121221221
L4_22	1	2	2	2	1	8	2	1	1	2	1	1	3	1	1	2	2	1	1	35	17	1222182112113112211	12221821
L4_23	9	2	2	9	1	2	3	10	1	3	1	1	3	2	43	2	2	1	1	110	3	922912310131132432211	922912310
L4_24	1	2	2	2	1	2	2	1	1	2	1	1	2	2	23	2	3	1	1	2	4	12221221121122232311	12221221
L4_25	1	2	2	2	1	8	2	1	1	2	1	1	2	2	1	2	2	1	1	1	17	1222182112112212211	12221821
L4_26	1	2	9	2	1	3	3	1	1	3	1	1	3	1	2	2	2	1	1	47	18	1292133113113122211	12921331
L4_27	1	2	2	2	1	8	26	1	1	2	1	1	2	2	1	2	2	1	1	1	17	12221826112112212211	122218261
L4_28	1	2	9	2	1	3	3	1	1	3	1	44	3	2	2	2	45	1	1	101	18	129213311314432224511	12921331
L4_29	1	2	2	2	1	18	3	1	1	3	1	1	3	1	2	2	2	1	1	4	3	12221183113113122211	122211831
L4_3	1	2	2	2	1	41	2	1	1	2	1	1	2	1	1	2	2	1	1	2	17	12221412112112112211	122214121
L4_30	1	2	2	2	1	2	43	1	1	2	1	1	6	1	1	2	24	1	1	2	4	122212431121161122411	122212431
L4_31	8	2	2	2	4	13	3	1	1	3	1	77	3	2	2	4	2	1	3	4	65	822241331131773224213	822241331
L4_32	1	2	2	2	1	18	3	1	1	3	1	1	3	1	2	2	2	1	1	4	3	12221183113113122211	122211831
L4_4	1	2	2	2	1	8	2	1	1	2	1	1	3	1	1	67	2	1	1	7	17	12221821121131167211	12221821
L4_5	1	2	2	2	1	12	2	150	1	2	1	1	2	1	1	2	2	1	1	1	2	1222112215012112112211	12221122150
L4_6	62	1	1	1	1	1	1	2	1	1	1	2	1	7	1	1	60	2	1	5	1	621111112111217116021	621111112
L4_7	1	1	1	1	1	1	1	2	1	1	1	4	1	3	38	1	38	18	92	150	1	11111112111413381381892	11111112
L4_8	1	2	2	2	1	16	3	1	1	3	1	1	70	1	6	2	2	1	1	6	8	122211631131170162211	122211631
L4_9	1	2	2	2	1	2	3	1	1	3	1	1	3	1	6	2	2	1	1	6	40	1222123113113162211	12221231
L5_1	1	1	1	1	1	1	1	2	1	1	1	4	1	3	38	1	38	18	92	102	1	11111112111413381381892	11111112
L5_10	1	1	1	1	1	1	1	2	1	1	1	4	1	3	38	1	38	18	92	102	1	11111112111413381381892	11111112
L5_11	1	42	2	2	1	2	3	25	1	3	1	1	3	1	2	11	2	1	1	6	43	1422212325131131211211	1422212325
L5_12	1	2	2	2	1	3	3	1	1	3	1	11	3	1	7	2	2	1	1	6	8	12221331131113172211	12221331
L5_13	1	26	2	2	1	12	2	1	1	2	15	1	2	2	1	2	2	1	1	2	2	1262211221121512212211	1262211221
L5_14	1	2	2	2	1	8	2	1	1	2	1	1	3	2	1	28	2	1	1	2	17	12221821121132128211	12221821
L5_15	1	13	2	2	1	2	2	1	1	196	1	1	6	1	1	2	3	1	1	2	4	1132212211196116112311	113221221
L5_16	1	2	12	2	1	2	2	1	1	139	1	1	2	2	1	2	2	1	1	2	2	1212212211139112212211	121221221
L5_17	13	2	2	2	1	3	3	1	1	3	1	1	3	2	36	2	2	1	1	4	12	132221331131132362211	132221331
L5_18	1	2	2	2	1	3	3	1	1	24	1	1	3	1	2	28	2	1	1	6	37	122213311241131228211	12221331
L5_19	1	2	2	2	1	3	3	1	1	3	1	11	3	1	7	2	2	1	1	6	8	12221331131113172211	12221331
L5_2	5	10	1	1	72	1	1	19	1	1	1	2	1	4	18	18	1	2	1	111	42	510117211191112141818121	51011721119
L5_20	1	2	2	2	1	3	3	1	1	3	1	1	3	2	15	2	2	1	1	6	12	12221331131132152211	12221331
L5_21	1	42	2	2	1	2	3	25	1	3	1	1	3	1	2	11	2	1	1	4	43	1422212325131131211211	1422212325
L5_22	15	2	20	14	10	63	5	1	1	1	1	20	1	10	1	1	1	1	1	76	26	15220141063511112011011111	1522014106351
L5_23	1	2	2	2	1	3	3	1	1	24	1	1	3	2	2	2	2	1	1	4	37	12221331124113222211	12221331
L5_24	9	2	2	9	1	2	3	10	1	3	1	1	3	1	43	2	2	1	1	129	3	922912310131131432211	922912310
L5_25	1	2	9	2	1	3	3	1	1	3	1	1	3	1	2	2	2	1	1	52	18	1292133113113122211	12921331
L5_26	1	2	29	2	1	3	3	1	1	19	1	1	3	2	2	2	2	1	1	4	46	122921331119113222211	122921331
L5_27	1	2	2	2	1	16	3	1	1	3	1	1	3	1	6	2	2	1	1	4	8	12221163113113162211	122211631
L5_28	1	2	29	2	1	3	3	1	1	3	1	1	3	38	2	2	2	1	1	6	69	122921331131133822211	122921331
L5_29	1	26	2	2	1	12	2	1	1	2	15	1	2	2	1	2	2	1	1	1	2	1262211221121512212211	1262211221
L5_3	1	10	1	1	72	1	1	19	1	1	1	2	1	4	18	18	1	2	1	108	42	110117211191112141818121	11011721119
L5_30	13	2	2	58	1	3	3	1	1	3	1	1	3	1	36	2	2	1	1	6	12	1322581331131131362211	1322581331
L5_31	1	2	2	2	1	3	18	1	1	3	1	1	3	1	2	2	2	1	1	4	56	12221318113113122211	122213181
L5_32	9	2	2	9	1	2	3	10	1	3	1	1	3	1	43	2	2	1	1	110	3	922912310131131432211	922912310
L5_4	1	2	2	2	1	2	2	1	1	2	1	1	6	1	1	2	34	1	1	1	4	12221221121161123411	12221221
L5_5	1	2	2	2	1	2	3	1	1	3	1	1	3	2	6	2	2	1	1	4	8	1222123113113262211	12221231
L5_6	116	2	2	2	1	2	3	1	1	3	1	1	3	1	2	2	2	1	1	6	8	116222123113113122211	1162221231
L5_7	1	2	2	2	1	2	2	1	1	2	1	1	6	2	1	2	34	1	1	12	4	12221221121162123411	12221221
L5_8	1	1	1	1	.	1	1	2	1	1	1	2	1	3	1	1	1	2	5	.	1	1111.11211121311125	1111.112
L5_9	1	2	2	2	1	12	2	1	1	2	1	1	2	1	1	55	2	1	1	1	67	122211221121121155211	122211221
L6_1	1	2	2	2	1	2	2	1	1	2	1	1	6	2	1	2	34	1	1	2	4	12221221121162123411	12221221
L6_10	8	2	2	170	4	13	3	1	1	3	1	1	3	1	2	4	2	1	3	6	65	8221704133113113124213	82217041331
L6_11	1	2	2	2	1	3	3	1	1	24	1	1	3	1	2	28	2	1	1	6	37	122213311241131228211	12221331
L6_12	1	13	2	2	1	2	2	1	1	2	1	1	6	1	1	2	3	1	1	1	4	11322122112116112311	113221221
L6_13	13	2	2	2	1	3	3	1	1	3	1	1	3	2	36	2	2	1	1	4	12	132221331131132362211	132221331
L6_14	1	2	2	2	1	3	3	1	1	218	1	11	3	1	7	2	2	1	1	16	8	1222133112181113172211	12221331
L6_15	1	2	2	2	1	18	3	1	1	3	1	1	3	1	2	2	2	1	1	6	3	12221183113113122211	122211831
L6_16	1	2	2	2	1	2	49	1	1	2	1	1	6	2	65	2	3	1	1	1	4	122212491121162652311	122212491
L6_17	1	2	9	2	1	3	3	1	1	3	1	1	3	1	2	2	2	1	1	47	18	1292133113113122211	12921331
L6_18	1	2	177	2	1	2	2	1	1	2	1	1	2	1	1	2	2	1	1	265	2	121772122112112112211	1217721221
L6_19	1	2	12	2	1	2	2	1	1	2	1	1	2	1	1	2	2	1	1	2	2	12122122112112112211	121221221
L6_2	1	2	2	2	3	2	2	1	1	2	1	1	2	1	1	2	2	1	1	1	2	1222322112112112211	12223221
L6_20	13	2	2	2	1	3	3	1	1	3	1	1	3	1	36	2	2	1	1	6	12	132221331131131362211	132221331
L6_21	1	2	29	2	1	3	3	1	1	19	1	1	3	1	2	2	2	1	1	6	46	122921331119113122211	122921331
L6_22	1	2	2	2	1	8	2	1	1	2	1	154	2	1	1	2	2	1	1	2	78	122218211211542112211	12221821
L6_23	1	2	2	9	1	2	3	10	1	3	1	1	3	1	2	2	2	1	1	4	73	12291231013113122211	122912310
L6_24	1	2	12	2	1	2	2	1	1	2	1	88	2	1	1	2	2	1	1	1	2	121221221121882112211	121221221
L6_25	1	13	2	2	1	2	2	1	1	2	1	1	6	1	1	2	3	1	1	1	52	11322122112116112311	113221221
L6_26	1	2	2	2	1	2	3	1	1	3	1	1	3	1	6	2	2	1	1	4	8	1222123113113162211	12221231
L6_27	1	2	2	2	1	3	3	1	26	3	1	1	3	2	15	2	2	1	1	6	12	122213312631132152211	12221331
L6_28	1	2	2	2	1	18	3	1	1	3	1	1	3	2	2	2	2	1	1	4	3	12221183113113222211	122211831
L6_29	1	2	2	2	1	2	2	1	1	2	1	1	2	1	23	2	3	1	1	2	4	12221221121121232311	12221221
L6_3	1	1	1	1	1	1	126	19	1	1	1	176	1	3	1	1	1	2	1	111	42	111111126191111761311121	11111112619
L6_30	1	2	9	2	1	3	3	1	1	3	1	1	3	2	2	2	2	1	1	52	18	1292133113113222211	12921331
L6_31	1	2	2	2	1	2	2	1	1	2	1	1	2	1	1	2	14	1	1	62	4	12221221121121121411	12221221
L6_4	5	10	1	1	72	1	1	19	1	1	1	2	1	4	18	18	1	2	1	108	42	510117211191112141818121	51011721119
L6_5	1	2	2	2	1	2	2	1	1	2	1	1	6	1	1	2	24	1	1	2	6	12221221121161122411	12221221
L6_6	1	2	2	2	1	2	3	1	1	3	1	1	3	2	6	2	2	1	1	4	40	1222123113113262211	12221231
L6_7	1	2	2	2	1	2	2	1	1	2	1	1	6	2	1	2	34	1	1	1	88	12221221121162123411	12221221
L6_8	1	2	2	9	1	2	3	10	1	3	1	1	3	1	2	2	2	2	1	6	12	12291231013113122221	122912310
L6_9	1	1	1	1	1	1	1	19	1	1	1	2	1	3	1	1	1	2	1	111	42	11111111911121311121	111111119
T1_1	1	1	1	4	1	1	1	2	1	1	1	2	1	7	89	1	1	2	1	19	9	11141112111217891121	11141112
T1_10	1	2	2	2	1	18	3	1	1	3	1	1	3	1	2	2	2	1	1	4	3	12221183113113122211	122211831
T1_11	1	1	1	1	1	1	1	3	1	1	1	8	1	4	1	1	1	2	1	14	7	1111111311181411121	11111113
T1_12	1	1	1	1	1	1	1	2	1	1	1	19	1	4	1	1	1	2	5	702	33	11111112111191411125	11111112
T1_13	17	1	1	1	2	1	1	2	1	1	1	3	1	4	1	1	1	2	1	11	1	17111211211131411121	171112112
T1_14	1	1	1	4	11	1	1	2	1	1	1	2	1	3	1	1	1	2	1	22	35	11141111211121311121	111411112
T1_15	1	2	2	2	3	2	2	1	1	2	1	1	2	1	1	2	2	1	1	2	2	1222322112112112211	12223221
T1_16	1	2	2	2	4	2	3	1	1	3	1	1	3	1	35	4	2	1	3	4	5	12224231131131354213	12224231
T1_17	1	1	1	1	1	1	1	2	1	1	1	2	1	3	1	1	1	2	1	37	1	1111111211121311121	11111112
T1_18	1	2	2	74	1	3	3	1	1	3	1	11	3	2	7	2	2	1	1	4	5	122741331131113272211	122741331
T1_19	96	1	1	1	1	1	1	2	1	1	1	4	1	4	1	1	1	2	1	3	1	96111111211141411121	961111112
T1_2	1	2	2	2	1	2	2	1	1	2	1	1	6	1	1	2	3	1	1	1	4	1222122112116112311	12221221
T1_20	1	2	2	2	1	3	3	1	1	3	1	1	3	2	15	2	2	1	1	4	12	12221331131132152211	12221331
T1_21	1	2	2	2	3	2	2	1	1	2	1	139	2	1	1	2	2	1	1	1	49	122232211211392112211	12223221
T1_22	1	1	1	1	1	1	1	3	1	1	1	8	1	4	1	1	1	2	1	33	7	1111111311181411121	11111113
T1_23	17	1	1	1	2	1	1	2	1	1	1	3	1	4	1	1	1	2	1	8	1	17111211211131411121	171112112
T1_24	1	2	2	2	1	2	2	1	1	742	1	1	2	1	1	2	2	1	1	2	6	122212211742112112211	12221221
T1_25	1	1	1	1	2	1	1	2	1	1	1	3	1	4	1	1	1	2	1	8	22	1111211211131411121	11112112
T1_26	1	1	1	1	1	2	5	2	198	1	1	2	5	8	10	1	1	2	1	31	10	1111125219811258101121	11111252
T1_27	2	1	1	4	1	1	1	2	1	1	1	2	1	3	1	1	1	2	1	22	9	2114111211121311121	21141112
T1_28	1	37	2	2	3	2	2	1	1	2	1	1	2	2	1	2	2	24	1	2	2	137223221121122122241	137223221
T1_29	1	1	1	1	1	1	1	2	1	1	1	4	1	3	1	1	1	2	1	5	1	1111111211141311121	11111112
T1_3	.	.	.	.	.	2	.	.	.	.	.	1	.	.	.	.	.	.	.	.	.	.....2.....1.......	.....2..
T1_30	1	2	2	2	1	2	2	1	1	2	1	1	2	1	1	2	3	1	1	35	30	1222122112112112311	12221221
T1_31	2	2	2	2	1	2	3	1	1	3	3	6	3	10	12	2	2	1	1	24	3	222212311336310122211	22221231
T1_32	1	24	2	2	3	2	2	1	1	2	1	1	2	1	1	2	2	1	1	2	2	12422322112112112211	124223221
T1_4	17	1	1	1	2	1	1	2	1	1	1	3	1	4	1	1	1	2	1	11	1	17111211211131411121	171112112
T1_5	1	205	1	1	1	1	1	2	1	1	1	4	1	4	1	1	1	2	1	3	1	120511111211141411121	1205111112
T1_6	1	1	1	1	1	1	1	2	1	1	1	2	1	4	1	1	1	2	1	20	14	1111111211121411121	11111112
T1_7	1	2	2	2	3	2	2	1	1	2	1	1	2	2	1	2	2	1	1	2	2	1222322112112212211	12223221
T1_8	1	1	1	1	2	1	1	2	.	1	1	3	1	3	1	1	1	2	1	8	1	11112112.1131311121	11112112
T1_9	150	2	2	2	1	2	3	1	1	3	3	6	3	2	4	2	2	1	1	24	3	150222123113363242211	1502221231
T2_1	1	2	2	2	1	2	3	1	1	3	1	1	3	2	2	2	2	1	1	6	3	1222123113113222211	12221231
T2_10	1	1	1	1	1	1	1	2	1	1	1	4	1	24	1	1	1	2	18	3	1	111111121114124111218	11111112
T2_11	1	4	1	1	1	7	1	2	1	1	1	16	1	4	1	1	1	2	1	20	11	14111712111161411121	14111712
T2_12	2	2	2	2	1	2	3	1	1	3	3	6	3	1	4	2	2	1	1	24	3	2222123113363142211	22221231
T2_13	1	2	2	2	1	2	2	10	1	2	1	1	2	1	1	2	2	1	1	2	6	12221221012112112211	122212210
T2_14	1	4	1	1	1	7	1	2	1	1	1	16	1	3	1	1	1	2	1	18	11	14111712111161311121	14111712
T2_15	1	1	1	1	2	1	1	2	1	145	1	102	1	3	1	1	1	2	1	11	1	11112112114511021311121	11112112
T2_16	1	2	2	2	84	2	2	1	1	2	1	1	2	2	1	2	2	1	1	1	6	12228422112112212211	122284221
T2_17	1	1	1	1	1	22	1	2	.	1	1	24	1	3	1	1	1	2	1	3	15	111112212.11241311121	111112212
T2_18	1	1	1	1	1	1	6	2	1	1	1	15	1	4	18	1	54	2	1	3	77	1111116211115141815421	11111162
T2_19	1	1	1	1	1	2	5	2	1	1	1	2	5	8	1	1	42	2	1	31	10	11111252111258114221	11111252
T2_2	1	1	1	4	1	1	1	2	1	1	1	2	1	7	89	1	1	2	1	19	9	11141112111217891121	11141112
T2_20	1	2	2	2	84	2	2	1	1	2	1	1	2	2	1	2	2	1	1	12	6	12228422112112212211	122284221
T2_21	12	1	1	1	1	1	119	2	1	1	1	9	1	3	1	1	1	2	1	3	1	1211111119211191311121	12111111192
T2_22	1	1	1	1	1	22	1	2	1	1	1	24	1	3	1	1	1	2	1	10	15	111112212111241311121	111112212
T2_23	12	2	2	2	1	8	2	1	1	2	1	1	2	1	1	2	2	1	1	163	17	12222182112112112211	122221821
T2_24	212	1	1	1	1	60	1	54	1	1	1	2	1	180	1	1	60	2	1	3	1	21211116015411121180116021	212111160154
T2_25	1	2	2	2	1	2	2	1	1	2	1	1	2	2	1	2	3	1	1	35	2	1222122112112212311	12221221
T2_26	1	1	1	1	1	1	1	2	1	1	1	4	1	4	1	1	1	2	1	5	15	1111111211141411121	11111112
T2_27	16	1	1	1	1	22	1	2	1	1	1	24	1	3	1	1	1	2	1	3	15	1611112212111241311121	1611112212
T2_28	1	2	2	2	1	2	2	1	1	2	1	1	2	1	1	2	2	1	1	1	6	1222122112112112211	12221221
T2_29	12	2	2	2	1	8	2	1	1	2	1	1	2	18	1	2	2	1	1	142	17	122221821121121812211	122221821
T2_3	1	2	2	2	1	2	3	1	1	3	1	1	3	2	2	2	2	1	1	4	3	1222123113113222211	12221231
T2_30	1	2	2	2	3	2	194	1	1	2	1	1	2	2	1	2	2	1	1	1	2	122232194112112212211	1222321941
T2_31	2	1	1	4	1	1	1	2	1	1	1	2	1	3	1	1	1	2	1	19	9	2114111211121311121	21141112
T2_32	1	1	1	1	2	1	1	2	1	1	1	3	1	3	1	1	1	3	31	11	1	11112112111313111331	11112112
T2_4	1	1	1	1	1	1	6	2	1	1	1	9	1	3	1	1	1	2	1	3	1	1111116211191311121	11111162
T2_5	1	2	2	2	3	2	2	1	1	2	1	1	2	1	1	2	2	1	1	1	49	1222322112112112211	12223221
T2_6	1	12	1	1	1	1	1	2	1	1	1	2	1	4	1	1	1	2	5	10	1	11211111211121411125	112111112
T2_7	1	2	2	2	3	2	2	1	1	2	1	1	2	1	1	2	2	1	55	1	100	12223221121121122155	12223221
T2_8	37	1	1	1	1	1	6	2	1	1	1	15	1	4	1	1	1	2	1	3	1	371111162111151411121	371111162
T2_9	1	1	1	1	1	1	1	2	1	1	1	4	1	4	1	1	1	2	1	3	1	1111111211141411121	11111112
T3_1	2	2	2	2	1	2	3	1	1	3	3	6	3	1	4	2	2	1	1	24	3	2222123113363142211	22221231
T3_10	1	1	1	1	1	1	6	2	1	1	1	15	42	4	1	1	1	2	1	3	1	111111621111542411121	11111162
T3_11	1	1	1	1	1	1	1	2	1	1	1	4	1	3	1	1	47	2	1	5	1	11111112111413114721	11111112
T3_12	1	2	2	2	1	2	2	1	1	2	1	1	2	2	1	2	3	1	1	35	2	1222122112112212311	12221221
T3_13	1	24	2	9	1	66	18	74	1	138	1	98	3	2	1	66	1	1	1	232	96	124291661874113819832166111	124291661874
T3_14	1	2	2	2	1	2	3	1	1	3	1	1	3	1	2	2	2	1	1	6	3	1222123113113122211	12221231
T3_15	1	1	1	1	1	1	1	2	24	1	1	125	1	3	1	70	1	2	1	20	14	11111112241112513170121	11111112
T3_16	1	1	1	1	1	1	1	2	1	1	1	4	1	53	1	1	1	2	1	5	1	11111112111415311121	11111112
T3_17	1	2	2	2	1	2	3	1	1	3	86	1	3	18	2	2	2	1	1	6	3	122212311386131822211	12221231
T3_18	1	1	1	1	1	1	1	2	1	1	1	2	1	4	1	1	1	2	5	10	15	1111111211121411125	11111112
T3_19	2	1	1	4	1	1	35	2	1	1	1	2	1	4	1	1	1	2	1	19	9	21141135211121411121	211411352
T3_2	1	12	1	1	1	1	1	80	1	1	1	2	1	7	1	5	1	2	1	43	16	112111118011121715121	1121111180
T3_20	1	1	1	37	1	2	5	2	1	1	1	2	5	8	10	1	1	2	1	34	10	111371252111258101121	111371252
T3_21	1	4	1	1	1	7	1	2	1	1	1	16	1	3	1	1	1	2	1	18	11	14111712111161311121	14111712
T3_22	1	1	1	1	2	1	1	2	1	1	1	3	1	3	1	1	1	3	1	8	1	1111211211131311131	11112112
T3_23	1	1	1	1	1	1	1	2	.	1	1	4	1	24	1	1	1	2	1	3	1	11111112.11412411121	11111112
T3_24	1	1	1	1	1	1	6	2	1	1	1	9	1	3	1	137	1	2	1	3	33	111111621119131137121	11111162
T3_25	1	2	2	2	3	2	2	1	1	2	1	1	2	2	1	2	2	1	6	1	2	1222322112112212216	12223221
T3_26	1	2	2	2	1	2	2	1	1	2	1	1	6	1	1	2	3	1	1	2	2	1222122112116112311	12221221
T3_27	1	50	1	1	2	1	1	2	1	1	1	3	1	4	1	1	1	3	1	8	1	15011211211131411131	150112112
T3_28	1	2	2	2	1	2	3	1	1	3	1	1	3	2	2	2	2	1	1	4	3	1222123113113222211	12221231
T3_29	1	1	1	1	1	19	1	2	1	1	1	4	1	24	1	1	1	2	1	3	1	111111912111412411121	111111912
T3_3	1	1	1	1	1	1	1	2	1	1	1	4	1	.	1	1	1	2	.	.	1	1111111211141.1112.	11111112
T3_30	1	1	1	1	1	1	1	2	1	1	1	2	1	4	1	1	1	2	1	20	14	1111111211121411121	11111112
T3_31	1	1	1	1	1	1	1	2	1	1	1	2	22	3	1	10	1	2	140	98	7	11111112111222311012140	11111112
T3_32	1	1	1	1	2	1	1	2	1	1	1	3	1	3	1	1	1	3	1	11	22	1111211211131311131	11112112
T3_4	5	2	66	2	4	2	3	1	1	3	1	1	3	1	2	4	2	1	3	4	3	52662423113113124213	526624231
T3_5	.	1	.	.	.	1	1	2	.	.	.	.	.	.	.	.	.	2	.	.	1	.1...112.........2.	.1...112
T3_6	1	1	1	1	1	1	1	2	.	1	1	2	1	4	1	1	1	2	5	5	1	11111112.1121411125	11111112
T3_7	1	2	2	2	1	2	3	1	1	3	1	1	3	2	2	2	2	1	1	6	3	1222123113113222211	12221231
T3_8	1	4	1	1	206	7	1	2	.	1	1	16	1	81	1	1	1	2	1	18	11	1411206712.111618111121	1411206712
T3_9	1	1	1	1	1	1	1	2	1	1	1	2	1	7	1	5	1	2	1	43	16	1111111211121715121	11111112
T4_1	5	2	2	2	4	2	3	1	1	3	1	1	3	2	2	4	2	1	3	4	3	5222423113113224213	52224231
T4_10	1	2	2	2	1	2	2	1	1	2	1	1	6	1	1	2	3	1	1	2	4	1222122112116112311	12221221
T4_11	2	2	2	2	1	2	3	1	1	3	3	6	3	2	12	2	2	1	1	24	3	22221231133632122211	22221231
T4_12	1	109	2	2	1	8	2	1	1	2	1	1	2	1	1	2	197	1	1	1	48	11092218211211211219711	1109221821
T4_13	1	4	1	1	1	7	1	2	1	35	1	2	32	3	1	1	1	2	1	20	11	141117121351232311121	14111712
T4_14	1	1	1	1	1	1	1	2	1	1	1	2	1	3	1	1	1	2	1	38	1	1111111211121311121	11111112
T4_15	1	226	1	1	1	1	25	68	1	1	1	114	1	3	1	1	1	2	5	5	113	1226111125681111141311125	122611112568
T4_16	1	2	2	2	1	2	2	1	1	2	1	1	6	1	1	2	3	1	1	1	4	1222122112116112311	12221221
T4_17	1	2	2	2	1	2	3	1	1	3	1	1	3	1	2	2	2	1	1	4	3	1222123113113122211	12221231
T4_18	1	2	2	2	1	3	3	1	1	3	1	1	3	1	15	2	2	1	1	4	12	12221331131131152211	12221331
T4_19	.	716	37	16	479	30	21	.	27	41	.	179	17	.	37	15	26	33	77	961	604	.71637164793021.2741.17917.3715263377	.71637164793021.
T4_2	2	1	1	4	1	1	1	2	1	1	1	2	1	3	1	1	1	2	1	19	9	2114111211121311121	21141112
T4_20	1	1	1	144	1	1	1	2	1	1	1	2	1	3	1	1	1	2	1	19	9	111144111211121311121	1111441112
T4_21	1	1	1	1	1	1	1	2	1	1	1	2	1	4	1	1	1	2	1	18	14	1111111211121411121	11111112
T4_22	1	2	2	2	1	2	2	1	1	2	1	1	2	2	1	2	2	1	1	2	6	1222122112112212211	12221221
T4_23	1	1	1	1	2	1	1	2	1	1	1	3	1	7	1	1	1	2	1	8	1	1111211211131711121	11112112
T4_24	1	1	1	37	1	2	5	2	1	1	1	2	5	8	10	1	1	2	1	31	10	111371252111258101121	111371252
T4_25	1	1	1	1	1	1	1	2	1	1	1	4	1	11	1	1	1	2	1	3	1	11111112111411111121	11111112
T4_26	1	1	1	1	1	1	1	2	.	1	1	2	1	4	1	1	1	2	5	5	1	11111112.1121411125	11111112
T4_27	1	2	2	2	1	3	3	1	1	3	1	1	3	2	2	2	2	1	1	156	70	1222133113113222211	12221331
T4_28	1	2	2	2	1	2	2	1	1	2	1	1	2	2	1	2	2	1	1	1	6	1222122112112212211	12221221
T4_29	1	2	2	2	1	2	2	1	1	2	1	1	2	2	1	2	28	1	1	1	6	12221221121122122811	12221221
T4_3	1	2	2	2	1	2	3	1	1	3	1	1	3	2	2	2	2	1	1	6	3	1222123113113222211	12221231
T4_30	1	1	1	1	2	1	1	2	1	1	1	3	1	3	1	1	1	3	1	422	1	1111211211131311131	11112112
T4_31	17	1	1	1	2	1	1	2	1	1	1	3	1	4	1	1	1	2	1	8	1	17111211211131411121	171112112
T4_32	1	1	1	1	1	1	35	2	1	1	1	4	1	4	1	1	1	2	1	3	1	11111135211141411121	111111352
T4_4	1	1	1	1	1	1	1	2	1	1	1	2	1	3	1	1	1	2	1	19	9	1111111211121311121	11111112
T4_5	1	2	54	2	3	2	2	1	1	2	1	1	2	2	1	2	2	1	1	12	2	12542322112112212211	125423221
T4_6	1	1	1	1	1	1	1	2	1	1	1	4	1	3	1	1	47	2	1	3	1	11111112111413114721	11111112
T4_7	2	2	2	2	1	2	3	1	1	3	3	6	3	1	4	2	2	1	1	24	3	2222123113363142211	22221231
T4_8	1	2	2	2	3	2	2	1	1	2	1	1	2	2	1	2	2	24	1	1	2	12223221121122122241	12223221
T4_9	1	1	1	1	1	2	5	2	1	1	1	2	5	8	10	1	1	2	1	53	10	11111252111258101121	11111252
T5_1	1	1	1	4	1	1	1	2	1	1	1	2	1	3	1	1	1	2	1	19	1	1114111211121311121	11141112
T5_10	16	1	1	1	1	22	1	2	1	1	1	24	1	3	1	1	1	2	1	3	15	1611112212111241311121	1611112212
T5_11	17	1	1	1	2	1	1	2	1	1	1	3	1	4	1	1	1	2	1	11	1	17111211211131411121	171112112
T5_12	1	1	1	1	1	1	6	2	1	84	1	9	1	3	1	1	1	2	1	5	1	11111162184191311121	11111162
T5_13	1	1	1	1	137	1	1	2	1	1	1	3	1	4	1	1	1	2	1	11	1	111113711211131411121	1111137112
T5_14	1	1	1	1	1	1	1	2	1	1	1	19	1	4	1	1	1	2	5	943	33	11111112111191411125	11111112
T5_15	1	2	2	74	1	3	3	1	1	3	1	11	3	2	7	2	2	1	1	4	5	122741331131113272211	122741331
T5_16	1	1	1	1	1	1	1	2	1	1	1	2	1	4	1	29	1	2	1	3	1	11111112111214129121	11111112
T5_17	1	1	1	1	1	25	6	2	1	1	1	15	1	3	1	1	1	2	1	3	1	111112562111151311121	111112562
T5_18	1	1	1	4	1	1	1	2	1	1	1	2	1	3	1	1	1	2	1	19	9	1114111211121311121	11141112
T5_19	1	2	2	2	5	17	2	1	1	2	1	1	2	1	5	2	2	1	1	2	25	12225172112112152211	122251721
T5_2	1	1	1	1	1	1	1	2	1	1	1	2	1	7	1	5	1	2	1	42	16	1111111211121715121	11111112
T5_20	5	2	2	2	4	2	3	1	1	3	1	1	3	2	2	4	2	1	3	6	3	5222423113113224213	52224231
T5_21	1	2	2	2	1	2	2	1	1	2	1	1	2	1	1	2	2	1	1	1	101	1222122112112112211	12221221
T5_22	1	1	1	4	1	1	1	2	1	1	1	2	1	4	1	1	1	2	1	22	9	1114111211121411121	11141112
T5_23	1	2	2	2	1	2	2	1	1	2	1	1	2	10	1	2	2	1	1	1	6	12221221121121012211	12221221
T5_24	1	2	2	2	194	3	3	1	1	3	1	1	3	1	2	2	2	1	1	127	70	122219433113113122211	1222194331
T5_25	1	1	1	1	1	1	1	2	1	1	1	2	1	7	1	5	1	2	1	43	16	1111111211121715121	11111112
T5_26	2	2	2	2	1	2	3	1	1	3	3	6	3	1	4	2	2	1	1	24	3	2222123113363142211	22221231
T5_27	1	2	2	2	1	2	2	1	1	2	1	1	2	2	1	2	2	1	1	1	6	1222122112112212211	12221221
T5_28	1	2	2	2	5	17	2	1	1	2	1	1	2	1	5	2	2	1	1	1	25	12225172112112152211	122251721
T5_29	1	1	1	1	2	1	1	2	1	1	1	3	1	3	1	1	1	3	1	8	1	1111211211131311131	11112112
T5_3	1	1	1	1	1	19	1	2	1	1	1	4	1	11	1	1	1	2	1	5	1	111111912111411111121	111111912
T5_30	110	1	1	1	2	1	1	2	1	1	1	3	1	4	1	1	1	2	1	8	1	110111211211131411121	1101112112
T5_31	1	2	2	2	1	2	2	1	1	2	1	1	6	1	1	2	152	1	1	2	4	122212211211611215211	12221221
T5_32	1	2	2	2	4	14	3	1	1	3	1	32	3	2	2	4	2	1	3	4	3	122241431131323224213	122241431
T5_4	1	4	1	1	1	7	1	2	1	1	1	16	1	4	1	1	1	2	1	18	11	14111712111161411121	14111712
T5_5	1	1	1	1	1	1	6	2	1	1	1	9	1	4	1	1	1	2	1	5	1	1111116211191411121	11111162
T5_6	1	1	1	1	1	1	1	2	1	1	1	4	1	24	1	1	1	2	1	3	1	11111112111412411121	11111112
T5_7	1	1	1	1	1	1	1	2	1	1	1	4	1	4	1	1	1	2	1	3	1	1111111211141411121	11111112
T5_8	1	2	54	2	3	2	2	1	1	2	1	1	2	2	1	2	2	1	1	1	2	12542322112112212211	125423221
T5_9	2	1	1	4	1	1	1	2	1	1	1	2	1	3	1	1	1	2	1	19	9	2114111211121311121	21141112
T6_1	1	2	2	2	1	3	3	1	1	3	1	1	3	1	15	2	2	1	1	4	12	12221331131131152211	12221331
T6_10	1	1	1	15	143	1	1	2	1	1	1	4	1	4	1	1	1	2	1	5	1	1111514311211141411121	11115143112
T6_11	1	1	1	1	1	1	1	2	1	1	1	2	1	3	66	1	98	2	1	3	1	111111121112136619821	11111112
T6_12	1	1	1	1	2	1	1	2	1	1	1	3	1	4	1	1	1	2	1	11	1	1111211211131411121	11112112
T6_13	1	2	2	2	1	8	2	1	214	2	1	1	2	2	1	2	2	1	1	1	48	122218212142112212211	12221821
T6_14	1	2	2	2	3	2	2	1	1	2	151	1	2	1	1	2	2	1	1	1	2	122232211215112112211	12223221
T6_15	2	2	2	2	1	2	3	1	1	3	3	6	3	1	4	2	2	1	1	28	3	2222123113363142211	22221231
T6_16	1	1	1	1	2	1	1	2	1	1	1	3	1	4	1	124	1	2	1	32	1	111121121113141124121	11112112
T6_17	1	2	2	2	1	2	114	146	1	3	1	1	3	2	6	2	2	1	1	127	8	12221211414613113262211	122212114146
T6_18	5	2	66	2	4	2	3	1	1	3	1	1	3	10	2	4	2	1	3	4	3	526624231131131024213	526624231
T6_19	1	2	2	2	1	2	2	1	1	2	1	1	2	1	1	2	2	1	1	1	6	1222122112112112211	12221221
T6_2	1	2	2	2	1	2	2	1	1	2	1	1	6	1	1	2	3	1	1	1	4	1222122112116112311	12221221
T6_20	1	1	1	46	1	1	36	2	4	1	1	54	1	4	1	1	1	2	1	11	1	1114611362411541411121	1114611362
T6_21	1	1	1	1	1	1	1	2	1	1	1	2	1	4	1	29	1	2	1	5	1	11111112111214129121	11111112
T6_22	1	329	20	14	245	14	5	11	346	1	1	20	1	173	1	1	1	2	1	76	114	13292014245145113461120117311121	1329201424514511
T6_23	1	1	1	1	2	1	1	2	1	1	1	48	1	4	1	1	1	2	1	8	1	11112112111481411121	11112112
T6_24	1	1	1	1	1	1	6	2	1	1	1	15	1	4	1	1	1	2	1	671	1	11111162111151411121	11111162
T6_25	1	1	1	1	1	1	1	3	1	1	1	8	1	3	1	1	1	2	1	9	7	1111111311181311121	11111113
T6_26	1	1	1	1	2	1	1	2	1	1	1	48	1	4	1	1	1	2	1	11	1	11112112111481411121	11112112
T6_27	1	1	1	1	1	1	1	2	1	1	1	2	1	4	1	29	1	2	1	5	1	11111112111214129121	11111112
T6_28	1	2	2	2	1	3	3	1	1	3	1	1	3	2	15	2	2	1	1	4	12	12221331131132152211	12221331
T6_29	1	1	1	1	1	25	6	2	1	1	1	15	43	3	1	1	1	2	1	5	1	1111125621111543311121	111112562
T6_3	1	1	1	1	1	1	1	2	1	1	1	2	1	4	1	5	1	2	1	9	19	1111111211121415121	11111112
T6_30	1	1	1	1	1	1	1	2	1	1	1	4	1	4	1	1	1	2	1	3	15	1111111211141411121	11111112
T6_31	1	2	2	2	3	2	2	1	1	2	1	1	2	1	1	2	2	1	1	12	2	1222322112112112211	12223221
T6_32	1	1	1	1	1	1	1	2	1	1	1	4	1	4	1	1	1	2	1	3	1	1111111211141411121	11111112
T6_4	1	2	54	2	3	2	2	1	1	2	1	1	2	2	1	2	2	1	1	2	2	12542322112112212211	125423221
T6_5	1	1	1	1	1	1	6	2	1	1	1	15	1	4	18	1	54	2	1	3	1	1111116211115141815421	11111162
T6_6	1	1	1	4	1	1	1	2	1	1	1	2	1	4	1	1	1	2	1	19	39	1114111211121411121	11141112
T6_7	1	12	1	1	1	1	1	2	1	1	1	2	1	4	1	1	1	2	5	3	1	11211111211121411125	112111112
T6_8	1	1	1	1	2	1	1	2	100	1	1	3	1	4	1	1	1	112	.	8	55	1111211210011314111112.	11112112
T6_9	1	1	1	1	48	1	67	2	1	1	1	2	1	3	1	1	1	2	1	18	16	111148167211121311121	1111481672